Tempo,VelLinear(v),VelAngular(w),PosX_Frente(x),PosY_Frente(y)
0.000000,1.000000,0.628319,0.150000,0.000000
0.030000,1.000000,0.628319,0.150000,0.000000
0.060000,1.000000,0.628319,0.199926,0.004712
0.090000,1.000000,0.628319,0.199926,0.004712
0.120000,1.000000,0.628319,0.249679,0.010989
0.150000,1.000000,0.628319,0.299211,0.018826
0.180000,1.000000,0.628319,0.299211,0.018826
0.210000,1.000000,0.628319,0.348472,0.028215
0.240000,1.000000,0.628319,0.348472,0.028215
0.270000,1.000000,0.628319,0.397414,0.039147
0.300000,1.000000,0.628319,0.445988,0.051611
0.330000,1.000000,0.628319,0.445988,0.051611
0.360000,1.000000,0.628319,0.494147,0.065594
0.390000,1.000000,0.628319,0.494147,0.065594
0.420000,1.000000,0.628319,0.541843,0.081084
0.450000,1.000000,0.628319,0.589028,0.098063
0.480000,1.000000,0.628319,0.589028,0.098063
0.510000,1.000000,0.628319,0.635657,0.116517
0.540000,1.000000,0.628319,0.635657,0.116517
0.570000,1.000000,0.628319,0.681684,0.136426
0.600000,1.000000,0.628319,0.727062,0.157771
0.630000,1.000000,0.628319,0.727062,0.157771
0.660000,1.000000,0.628319,0.771748,0.180530
0.690000,1.000000,0.628319,0.771748,0.180530
0.720000,1.000000,0.628319,0.815696,0.204682
0.750000,1.000000,0.628319,0.858865,0.230203
0.780000,1.000000,0.628319,0.858865,0.230203
0.810000,1.000000,0.628319,0.901210,0.257067
0.840000,1.000000,0.628319,0.901210,0.257067
0.870000,1.000000,0.628319,0.942691,0.285248
0.900000,1.000000,0.628319,0.983266,0.314718
0.930000,1.000000,0.628319,0.983266,0.314718
0.960000,1.000000,0.628319,1.022895,0.345448
0.990000,1.000000,0.628319,1.022895,0.345448
1.020000,1.000000,0.628319,1.061539,0.377407
1.050000,1.000000,0.628319,1.099161,0.410565
1.080000,1.000000,0.628319,1.099161,0.410565
1.110000,1.000000,0.628319,1.135723,0.444887
1.140000,1.000000,0.628319,1.135723,0.444887
1.170000,1.000000,0.628319,1.171188,0.480342
1.200000,1.000000,0.628319,1.205522,0.516893
1.230000,1.000000,0.628319,1.205522,0.516893
1.260000,1.000000,0.628319,1.238691,0.554504
1.290000,1.000000,0.628319,1.238691,0.554504
1.320000,1.000000,0.628319,1.270663,0.593139
1.350000,1.000000,0.628319,1.301405,0.632758
1.380000,1.000000,0.628319,1.301405,0.632758
1.410000,1.000000,0.628319,1.330887,0.673324
1.440000,1.000000,0.628319,1.330887,0.673324
1.470000,1.000000,0.628319,1.359081,0.714796
1.500000,1.000000,0.628319,1.385958,0.757133
1.530000,1.000000,0.628319,1.385958,0.757133
1.560000,1.000000,0.628319,1.411492,0.800294
1.590000,1.000000,0.628319,1.411492,0.800294
1.620000,1.000000,0.628319,1.435657,0.844235
1.650000,1.000000,0.628319,1.458431,0.888913
1.680000,1.000000,0.628319,1.458431,0.888913
1.710000,1.000000,0.628319,1.479790,0.934285
1.740000,1.000000,0.628319,1.479790,0.934285
1.770000,1.000000,0.628319,1.499713,0.980305
1.800000,1.000000,0.628319,1.518181,1.026929
1.830000,1.000000,0.628319,1.518181,1.026929
1.860000,1.000000,0.628319,1.535175,1.074109
1.890000,1.000000,0.628319,1.535175,1.074109
1.920000,1.000000,0.628319,1.550679,1.121800
1.950000,1.000000,0.628319,1.564677,1.169955
1.980000,1.000000,0.628319,1.564677,1.169955
2.010000,1.000000,0.628319,1.577156,1.218525
2.040000,1.000000,0.628319,1.577156,1.218525
2.070000,1.000000,0.628319,1.588103,1.267464
2.100000,1.000000,0.628319,1.597507,1.316722
2.130000,1.000000,0.628319,1.597507,1.316722
2.160000,1.000000,0.628319,1.605360,1.366251
2.190000,1.000000,0.628319,1.605360,1.366251
2.220000,1.000000,0.628319,1.611653,1.416002
2.250000,1.000000,0.628319,1.616380,1.465927
2.280000,1.000000,0.628319,1.616380,1.465927
2.310000,1.000000,0.628319,1.619536,1.515975
2.340000,1.000000,0.628319,1.619536,1.515975
2.370000,1.000000,0.628319,1.621119,1.566098
2.400000,1.000000,0.628319,1.621127,1.616246
2.430000,1.000000,0.628319,1.621127,1.616246
2.460000,1.000000,0.628319,1.619560,1.666369
2.490000,1.000000,0.628319,1.619560,1.666369
2.520000,1.000000,0.628319,1.616419,1.716419
2.550000,1.000000,0.628319,1.611707,1.766345
2.580000,1.000000,0.628319,1.611707,1.766345
2.610000,1.000000,0.628319,1.605429,1.816098
2.640000,1.000000,0.628319,1.605429,1.816098
2.670000,1.000000,0.628319,1.597592,1.865629
2.700000,1.000000,0.628319,1.588203,1.914890
2.730000,1.000000,0.628319,1.588203,1.914890
2.760000,1.000000,0.628319,1.577271,1.963832
2.790000,1.000000,0.628319,1.577271,1.963832
2.820000,1.000000,0.628319,1.564807,2.012407
2.850000,1.000000,0.628319,1.550824,2.060565
2.880000,1.000000,0.628319,1.550824,2.060565
2.910000,1.000000,0.628319,1.535335,2.108261
2.940000,1.000000,0.628319,1.535335,2.108261
2.970000,1.000000,0.628319,1.518355,2.155447
3.000000,1.000000,0.628319,1.499902,2.202076
3.030000,1.000000,0.628319,1.499902,2.202076
3.060000,1.000000,0.628319,1.479993,2.248102
3.090000,1.000000,0.628319,1.479993,2.248102
3.120000,1.000000,0.628319,1.458648,2.293481
3.150000,1.000000,0.628319,1.435888,2.338166
3.180000,1.000000,0.628319,1.435888,2.338166
3.210000,1.000000,0.628319,1.411736,2.382115
3.240000,1.000000,0.628319,1.411736,2.382115
3.270000,1.000000,0.628319,1.386215,2.425283
3.300000,1.000000,0.628319,1.359351,2.467629
3.330000,1.000000,0.628319,1.359351,2.467629
3.360000,1.000000,0.628319,1.331171,2.509109
3.390000,1.000000,0.628319,1.331171,2.509109
3.420000,1.000000,0.628319,1.301701,2.549684
3.450000,1.000000,0.628319,1.270971,2.589314
3.480000,1.000000,0.628319,1.270971,2.589314
3.510000,1.000000,0.628319,1.239011,2.627958
3.540000,1.000000,0.628319,1.239011,2.627958
3.570000,1.000000,0.628319,1.205854,2.665580
3.600000,1.000000,0.628319,1.171531,2.702141
3.630000,1.000000,0.628319,1.171531,2.702141
3.660000,1.000000,0.628319,1.136077,2.737606
3.690000,1.000000,0.628319,1.136077,2.737606
3.720000,1.000000,0.628319,1.099526,2.771941
3.750000,1.000000,0.628319,1.061914,2.805110
3.780000,1.000000,0.628319,1.061914,2.805110
3.810000,1.000000,0.628319,1.023280,2.837081
3.840000,1.000000,0.628319,1.023280,2.837081
3.870000,1.000000,0.628319,0.983660,2.867823
3.900000,1.000000,0.628319,0.943094,2.897306
3.930000,1.000000,0.628319,0.943094,2.897306
3.960000,1.000000,0.628319,0.901622,2.925499
3.990000,1.000000,0.628319,0.901622,2.925499
4.020000,1.000000,0.628319,0.859285,2.952376
4.050000,1.000000,0.628319,0.816125,2.977910
4.080000,1.000000,0.628319,0.816125,2.977910
4.110000,1.000000,0.628319,0.772184,3.002076
4.140000,1.000000,0.628319,0.772184,3.002076
4.170000,1.000000,0.628319,0.727505,3.024850
4.200000,1.000000,0.628319,0.682133,3.046208
4.230000,1.000000,0.628319,0.682133,3.046208
4.260000,1.000000,0.628319,0.636113,3.066132
4.290000,1.000000,0.628319,0.636113,3.066132
4.320000,1.000000,0.628319,0.589490,3.084599
4.350000,1.000000,0.628319,0.542309,3.101594
4.380000,1.000000,0.628319,0.542309,3.101594
4.410000,1.000000,0.628319,0.494618,3.117098
4.440000,1.000000,0.628319,0.494618,3.117098
4.470000,1.000000,0.628319,0.446464,3.131096
4.500000,1.000000,0.628319,0.397893,3.143575
4.530000,1.000000,0.628319,0.397893,3.143575
4.560000,1.000000,0.628319,0.348955,3.154522
4.590000,1.000000,0.628319,0.348955,3.154522
4.620000,1.000000,0.628319,0.299697,3.163926
4.650000,1.000000,0.628319,0.250168,3.171778
4.680000,1.000000,0.628319,0.250168,3.171778
4.710000,1.000000,0.628319,0.200416,3.178071
4.740000,1.000000,0.628319,0.200416,3.178071
4.770000,1.000000,0.628319,0.150492,3.182798
4.800000,1.000000,0.628319,0.100443,3.185955
4.830000,1.000000,0.628319,0.100443,3.185955
4.860000,1.000000,0.628319,0.050320,3.187538
4.890000,1.000000,0.628319,0.050320,3.187538
4.920000,1.000000,0.628319,0.000173,3.187546
4.950000,1.000000,0.628319,-0.049951,3.185978
4.980000,1.000000,0.628319,-0.049951,3.185978
5.010000,1.000000,0.628319,-0.100000,3.182837
5.040000,1.000000,0.628319,-0.100000,3.182837
5.070000,1.000000,0.628319,-0.149926,3.178125
5.100000,1.000000,0.628319,-0.199679,3.171848
5.130000,1.000000,0.628319,-0.199679,3.171848
5.160000,1.000000,0.628319,-0.249211,3.164011
5.190000,1.000000,0.628319,-0.249211,3.164011
5.220000,1.000000,0.628319,-0.298472,3.154622
5.250000,1.000000,0.628319,-0.347414,3.143690
5.280000,1.000000,0.628319,-0.347414,3.143690
5.310000,1.000000,0.628319,-0.395988,3.131226
5.340000,1.000000,0.628319,-0.395988,3.131226
5.370000,1.000000,0.628319,-0.444147,3.117243
5.400000,1.000000,0.628319,-0.491843,3.101753
5.430000,1.000000,0.628319,-0.491843,3.101753
5.460000,1.000000,0.628319,-0.539028,3.084774
5.490000,1.000000,0.628319,-0.539028,3.084774
5.520000,1.000000,0.628319,-0.585657,3.066320
5.550000,1.000000,0.628319,-0.631684,3.046411
5.580000,1.000000,0.628319,-0.631684,3.046411
5.610000,1.000000,0.628319,-0.677062,3.025066
5.640000,1.000000,0.628319,-0.677062,3.025066
5.670000,1.000000,0.628319,-0.721748,3.002307
5.700000,1.000000,0.628319,-0.765696,2.978155
5.730000,1.000000,0.628319,-0.765696,2.978155
5.760000,1.000000,0.628319,-0.808865,2.952634
5.790000,1.000000,0.628319,-0.808865,2.952634
5.820000,1.000000,0.628319,-0.851210,2.925770
5.850000,1.000000,0.628319,-0.892691,2.897589
5.880000,1.000000,0.628319,-0.892691,2.897589
5.910000,1.000000,0.628319,-0.933266,2.868119
5.940000,1.000000,0.628319,-0.972895,2.837389
5.970000,1.000000,0.628319,-0.972895,2.837389
6.000000,1.000000,0.628319,-1.011539,2.805430
6.030000,1.000000,0.628319,-1.011539,2.805430
6.060000,1.000000,0.628319,-1.049161,2.772272
6.090000,1.000000,0.628319,-1.085723,2.737950
6.120000,1.000000,0.628319,-1.085723,2.737950
6.150000,1.000000,0.628319,-1.121188,2.702495
6.180000,1.000000,0.628319,-1.121188,2.702495
6.210000,1.000000,0.628319,-1.155522,2.665944
6.240000,1.000000,0.628319,-1.188691,2.628333
6.270000,1.000000,0.628319,-1.188691,2.628333
6.300000,1.000000,0.628319,-1.220663,2.589698
6.330000,1.000000,0.628319,-1.220663,2.589698
6.360000,1.000000,0.628319,-1.251405,2.550079
6.390000,1.000000,0.628319,-1.280887,2.509513
6.420000,1.000000,0.628319,-1.280887,2.509513
6.450000,1.000000,0.628319,-1.309081,2.468041
6.480000,1.000000,0.628319,-1.309081,2.468041
6.510000,1.000000,0.628319,-1.335958,2.425704
6.540000,1.000000,0.628319,-1.361492,2.382543
6.570000,1.000000,0.628319,-1.361492,2.382543
6.600000,1.000000,0.628319,-1.385657,2.338602
6.630000,1.000000,0.628319,-1.385657,2.338602
6.660000,1.000000,0.628319,-1.408431,2.293924
6.690000,1.000000,0.628319,-1.429790,2.248552
6.720000,1.000000,0.628319,-1.429790,2.248552
6.750000,1.000000,0.628319,-1.449713,2.202532
6.780000,1.000000,0.628319,-1.449713,2.202532
6.810000,1.000000,0.628319,-1.468181,2.155908
6.840000,1.000000,0.628319,-1.485175,2.108728
6.870000,1.000000,0.628319,-1.485175,2.108728
6.900000,1.000000,0.628319,-1.500679,2.061037
6.930000,1.000000,0.628319,-1.500679,2.061037
6.960000,1.000000,0.628319,-1.514677,2.012882
6.990000,1.000000,0.628319,-1.527156,1.964312
7.020000,1.000000,0.628319,-1.527156,1.964312
7.050000,1.000000,0.628319,-1.538103,1.915373
7.080000,1.000000,0.628319,-1.538103,1.915373
7.110000,1.000000,0.628319,-1.547507,1.866115
7.140000,1.000000,0.628319,-1.555360,1.816586
7.170000,1.000000,0.628319,-1.555360,1.816586
7.200000,1.000000,0.628319,-1.561653,1.766835
7.230000,1.000000,0.628319,-1.561653,1.766835
7.260000,1.000000,0.628319,-1.566380,1.716910
7.290000,1.000000,0.628319,-1.569536,1.666862
7.320000,1.000000,0.628319,-1.569536,1.666862
7.350000,1.000000,0.628319,-1.571119,1.616739
7.380000,1.000000,0.628319,-1.571119,1.616739
7.410000,1.000000,0.628319,-1.571127,1.566591
7.440000,1.000000,0.628319,-1.569560,1.516468
7.470000,1.000000,0.628319,-1.569560,1.516468
7.500000,1.000000,0.628319,-1.566419,1.466419
7.530000,1.000000,0.628319,-1.566419,1.466419
7.560000,1.000000,0.628319,-1.561707,1.416493
7.590000,1.000000,0.628319,-1.555429,1.366739
7.620000,1.000000,0.628319,-1.555429,1.366739
7.650000,1.000000,0.628319,-1.547592,1.317208
7.680000,1.000000,0.628319,-1.547592,1.317208
7.710000,1.000000,0.628319,-1.538203,1.267947
7.740000,1.000000,0.628319,-1.527271,1.219005
7.770000,1.000000,0.628319,-1.527271,1.219005
7.800000,1.000000,0.628319,-1.514807,1.170431
7.830000,1.000000,0.628319,-1.514807,1.170431
7.860000,1.000000,0.628319,-1.500824,1.122272
7.890000,1.000000,0.628319,-1.485335,1.074576
7.920000,1.000000,0.628319,-1.485335,1.074576
7.950000,1.000000,0.628319,-1.468355,1.027390
7.980000,1.000000,0.628319,-1.468355,1.027390
8.010000,1.000000,0.628319,-1.449902,0.980761
8.040000,1.000000,0.628319,-1.429993,0.934735
8.070000,1.000000,0.628319,-1.429993,0.934735
8.100000,1.000000,0.628319,-1.408648,0.889356
8.130000,1.000000,0.628319,-1.408648,0.889356
8.160000,1.000000,0.628319,-1.385888,0.844671
8.190000,1.000000,0.628319,-1.361736,0.800722
8.220000,1.000000,0.628319,-1.361736,0.800722
8.250000,1.000000,0.628319,-1.336215,0.757554
8.280000,1.000000,0.628319,-1.336215,0.757554
8.310000,1.000000,0.628319,-1.309351,0.715208
8.340000,1.000000,0.628319,-1.281171,0.673728
8.370000,1.000000,0.628319,-1.281171,0.673728
8.400000,1.000000,0.628319,-1.251701,0.633153
8.430000,1.000000,0.628319,-1.251701,0.633153
8.460000,1.000000,0.628319,-1.220971,0.593524
8.490000,1.000000,0.628319,-1.189011,0.554879
8.520000,1.000000,0.628319,-1.189011,0.554879
8.550000,1.000000,0.628319,-1.155854,0.517258
8.580000,1.000000,0.628319,-1.155854,0.517258
8.610000,1.000000,0.628319,-1.121531,0.480696
8.640000,1.000000,0.628319,-1.086077,0.445231
8.670000,1.000000,0.628319,-1.086077,0.445231
8.700000,1.000000,0.628319,-1.049526,0.410897
8.730000,1.000000,0.628319,-1.049526,0.410897
8.760000,1.000000,0.628319,-1.011914,0.377727
8.790000,1.000000,0.628319,-0.973280,0.345756
8.820000,1.000000,0.628319,-0.973280,0.345756
8.850000,1.000000,0.628319,-0.933660,0.315014
8.880000,1.000000,0.628319,-0.933660,0.315014
8.910000,1.000000,0.628319,-0.893094,0.285531
8.940000,1.000000,0.628319,-0.851622,0.257338
8.970000,1.000000,0.628319,-0.851622,0.257338
9.000000,1.000000,0.628319,-0.809285,0.230461
9.030000,1.000000,0.628319,-0.809285,0.230461
9.060000,1.000000,0.628319,-0.766125,0.204927
9.090000,1.000000,0.628319,-0.722184,0.180761
9.120000,1.000000,0.628319,-0.722184,0.180761
9.150000,1.000000,0.628319,-0.677505,0.157988
9.180000,1.000000,0.628319,-0.677505,0.157988
9.210000,1.000000,0.628319,-0.632133,0.136629
9.240000,1.000000,0.628319,-0.586113,0.116705
9.270000,1.000000,0.628319,-0.586113,0.116705
9.300000,1.000000,0.628319,-0.539490,0.098238
9.330000,1.000000,0.628319,-0.539490,0.098238
9.360000,1.000000,0.628319,-0.492309,0.081243
9.390000,1.000000,0.628319,-0.444618,0.065739
9.420000,1.000000,0.628319,-0.444618,0.065739
9.450000,1.000000,0.628319,-0.396464,0.051741
9.480000,1.000000,0.628319,-0.396464,0.051741
9.510000,1.000000,0.628319,-0.347893,0.039262
9.540000,1.000000,0.628319,-0.298955,0.028315
9.570000,1.000000,0.628319,-0.298955,0.028315
9.600000,1.000000,0.628319,-0.249697,0.018911
9.630000,1.000000,0.628319,-0.249697,0.018911
9.660000,1.000000,0.628319,-0.200168,0.011059
9.690000,1.000000,0.628319,-0.150416,0.004766
9.720000,1.000000,0.628319,-0.150416,0.004766
9.750000,1.000000,0.628319,-0.100492,0.000039
9.780000,1.000000,0.628319,-0.100492,0.000039
9.810000,1.000000,0.628319,-0.050443,-0.003118
9.840000,1.000000,0.628319,-0.000320,-0.004701
9.870000,1.000000,0.628319,-0.000320,-0.004701
9.900000,1.000000,0.628319,0.049827,-0.004709
9.930000,1.000000,0.628319,0.049827,-0.004709
9.960000,1.000000,0.628319,0.099951,-0.003141
9.990000,1.000000,0.628319,0.150000,-0.000000
10.020000,1.000000,-0.628319,0.150000,-0.000000
10.050000,1.000000,-0.628319,0.199926,-0.004712
10.080000,1.000000,-0.628319,0.199926,-0.004712
10.110000,1.000000,-0.628319,0.249679,-0.010989
10.140000,1.000000,-0.628319,0.299211,-0.018826
10.170000,1.000000,-0.628319,0.299211,-0.018826
10.200000,1.000000,-0.628319,0.348472,-0.028215
10.230000,1.000000,-0.628319,0.348472,-0.028215
10.260000,1.000000,-0.628319,0.397414,-0.039147
10.290000,1.000000,-0.628319,0.445988,-0.051611
10.320000,1.000000,-0.628319,0.445988,-0.051611
10.350000,1.000000,-0.628319,0.494147,-0.065594
10.380000,1.000000,-0.628319,0.494147,-0.065594
10.410000,1.000000,-0.628319,0.541843,-0.081084
10.440000,1.000000,-0.628319,0.589028,-0.098063
10.470000,1.000000,-0.628319,0.589028,-0.098063
10.500000,1.000000,-0.628319,0.635657,-0.116517
10.530000,1.000000,-0.628319,0.635657,-0.116517
10.560000,1.000000,-0.628319,0.681684,-0.136426
10.590000,1.000000,-0.628319,0.727062,-0.157771
10.620000,1.000000,-0.628319,0.727062,-0.157771
10.650000,1.000000,-0.628319,0.771748,-0.180530
10.680000,1.000000,-0.628319,0.771748,-0.180530
10.710000,1.000000,-0.628319,0.815696,-0.204682
10.740000,1.000000,-0.628319,0.858865,-0.230203
10.770000,1.000000,-0.628319,0.858865,-0.230203
10.800000,1.000000,-0.628319,0.901210,-0.257067
10.830000,1.000000,-0.628319,0.901210,-0.257067
10.860000,1.000000,-0.628319,0.942691,-0.285248
10.890000,1.000000,-0.628319,0.983266,-0.314718
10.920000,1.000000,-0.628319,0.983266,-0.314718
10.950000,1.000000,-0.628319,1.022895,-0.345448
10.980000,1.000000,-0.628319,1.022895,-0.345448
11.010000,1.000000,-0.628319,1.061539,-0.377407
11.040000,1.000000,-0.628319,1.099161,-0.410565
11.070000,1.000000,-0.628319,1.099161,-0.410565
11.100000,1.000000,-0.628319,1.135723,-0.444887
11.130000,1.000000,-0.628319,1.135723,-0.444887
11.160000,1.000000,-0.628319,1.171188,-0.480342
11.190000,1.000000,-0.628319,1.205522,-0.516893
11.220000,1.000000,-0.628319,1.205522,-0.516893
11.250000,1.000000,-0.628319,1.238691,-0.554504
11.280000,1.000000,-0.628319,1.238691,-0.554504
11.310000,1.000000,-0.628319,1.270663,-0.593139
11.340000,1.000000,-0.628319,1.301405,-0.632758
11.370000,1.000000,-0.628319,1.301405,-0.632758
11.400000,1.000000,-0.628319,1.330887,-0.673324
11.430000,1.000000,-0.628319,1.330887,-0.673324
11.460000,1.000000,-0.628319,1.359081,-0.714796
11.490000,1.000000,-0.628319,1.385958,-0.757133
11.520000,1.000000,-0.628319,1.385958,-0.757133
11.550000,1.000000,-0.628319,1.411492,-0.800294
11.580000,1.000000,-0.628319,1.411492,-0.800294
11.610000,1.000000,-0.628319,1.435657,-0.844235
11.640000,1.000000,-0.628319,1.458431,-0.888913
11.670000,1.000000,-0.628319,1.458431,-0.888913
11.700000,1.000000,-0.628319,1.479790,-0.934285
11.730000,1.000000,-0.628319,1.499713,-0.980305
11.760000,1.000000,-0.628319,1.499713,-0.980305
11.790000,1.000000,-0.628319,1.518181,-1.026929
11.820000,1.000000,-0.628319,1.518181,-1.026929
11.850000,1.000000,-0.628319,1.535175,-1.074109
11.880000,1.000000,-0.628319,1.550679,-1.121800
11.910000,1.000000,-0.628319,1.550679,-1.121800
11.940000,1.000000,-0.628319,1.564677,-1.169955
11.970000,1.000000,-0.628319,1.564677,-1.169955
12.000000,1.000000,-0.628319,1.577156,-1.218525
12.030000,1.000000,-0.628319,1.588103,-1.267464
12.060000,1.000000,-0.628319,1.588103,-1.267464
12.090000,1.000000,-0.628319,1.597507,-1.316722
12.120000,1.000000,-0.628319,1.597507,-1.316722
12.150000,1.000000,-0.628319,1.605360,-1.366251
12.180000,1.000000,-0.628319,1.611653,-1.416002
12.210000,1.000000,-0.628319,1.611653,-1.416002
12.240000,1.000000,-0.628319,1.616380,-1.465927
12.270000,1.000000,-0.628319,1.616380,-1.465927
12.300000,1.000000,-0.628319,1.619536,-1.515975
12.330000,1.000000,-0.628319,1.621119,-1.566098
12.360000,1.000000,-0.628319,1.621119,-1.566098
12.390000,1.000000,-0.628319,1.621127,-1.616246
12.420000,1.000000,-0.628319,1.621127,-1.616246
12.450000,1.000000,-0.628319,1.619560,-1.666369
12.480000,1.000000,-0.628319,1.616419,-1.716419
12.510000,1.000000,-0.628319,1.616419,-1.716419
12.540000,1.000000,-0.628319,1.611707,-1.766345
12.570000,1.000000,-0.628319,1.611707,-1.766345
12.600000,1.000000,-0.628319,1.605429,-1.816098
12.630000,1.000000,-0.628319,1.597592,-1.865629
12.660000,1.000000,-0.628319,1.597592,-1.865629
12.690000,1.000000,-0.628319,1.588203,-1.914890
12.720000,1.000000,-0.628319,1.588203,-1.914890
12.750000,1.000000,-0.628319,1.577271,-1.963832
12.780000,1.000000,-0.628319,1.564807,-2.012407
12.810000,1.000000,-0.628319,1.564807,-2.012407
12.840000,1.000000,-0.628319,1.550824,-2.060565
12.870000,1.000000,-0.628319,1.550824,-2.060565
12.900000,1.000000,-0.628319,1.535335,-2.108261
12.930000,1.000000,-0.628319,1.518355,-2.155447
12.960000,1.000000,-0.628319,1.518355,-2.155447
12.990000,1.000000,-0.628319,1.499902,-2.202076
13.020000,1.000000,-0.628319,1.499902,-2.202076
13.050000,1.000000,-0.628319,1.479993,-2.248102
13.080000,1.000000,-0.628319,1.458648,-2.293481
13.110000,1.000000,-0.628319,1.458648,-2.293481
13.140000,1.000000,-0.628319,1.435888,-2.338166
13.170000,1.000000,-0.628319,1.435888,-2.338166
13.200000,1.000000,-0.628319,1.411736,-2.382115
13.230000,1.000000,-0.628319,1.386215,-2.425283
13.260000,1.000000,-0.628319,1.386215,-2.425283
13.290000,1.000000,-0.628319,1.359351,-2.467629
13.320000,1.000000,-0.628319,1.359351,-2.467629
13.350000,1.000000,-0.628319,1.331171,-2.509109
13.380000,1.000000,-0.628319,1.301701,-2.549684
13.410000,1.000000,-0.628319,1.301701,-2.549684
13.440000,1.000000,-0.628319,1.270971,-2.589314
13.470000,1.000000,-0.628319,1.270971,-2.589314
13.500000,1.000000,-0.628319,1.239011,-2.627958
13.530000,1.000000,-0.628319,1.205854,-2.665580
13.560000,1.000000,-0.628319,1.205854,-2.665580
13.590000,1.000000,-0.628319,1.171531,-2.702141
13.620000,1.000000,-0.628319,1.171531,-2.702141
13.650000,1.000000,-0.628319,1.136077,-2.737606
13.680000,1.000000,-0.628319,1.099526,-2.771941
13.710000,1.000000,-0.628319,1.099526,-2.771941
13.740000,1.000000,-0.628319,1.061914,-2.805110
13.770000,1.000000,-0.628319,1.061914,-2.805110
13.800000,1.000000,-0.628319,1.023280,-2.837081
13.830000,1.000000,-0.628319,0.983660,-2.867823
13.860000,1.000000,-0.628319,0.983660,-2.867823
13.890000,1.000000,-0.628319,0.943094,-2.897306
13.920000,1.000000,-0.628319,0.943094,-2.897306
13.950000,1.000000,-0.628319,0.901622,-2.925499
13.980000,1.000000,-0.628319,0.859285,-2.952376
14.010000,1.000000,-0.628319,0.859285,-2.952376
14.040000,1.000000,-0.628319,0.816125,-2.977910
14.070000,1.000000,-0.628319,0.816125,-2.977910
14.100000,1.000000,-0.628319,0.772184,-3.002076
14.130000,1.000000,-0.628319,0.727505,-3.024850
14.160000,1.000000,-0.628319,0.727505,-3.024850
14.190000,1.000000,-0.628319,0.682133,-3.046208
14.220000,1.000000,-0.628319,0.682133,-3.046208
14.250000,1.000000,-0.628319,0.636113,-3.066132
14.280000,1.000000,-0.628319,0.589490,-3.084599
14.310000,1.000000,-0.628319,0.589490,-3.084599
14.340000,1.000000,-0.628319,0.542309,-3.101594
14.370000,1.000000,-0.628319,0.542309,-3.101594
14.400000,1.000000,-0.628319,0.494618,-3.117098
14.430000,1.000000,-0.628319,0.446464,-3.131096
14.460000,1.000000,-0.628319,0.446464,-3.131096
14.490000,1.000000,-0.628319,0.397893,-3.143575
14.520000,1.000000,-0.628319,0.397893,-3.143575
14.550000,1.000000,-0.628319,0.348955,-3.154522
14.580000,1.000000,-0.628319,0.299697,-3.163926
14.610000,1.000000,-0.628319,0.299697,-3.163926
14.640000,1.000000,-0.628319,0.250168,-3.171778
14.670000,1.000000,-0.628319,0.250168,-3.171778
14.700000,1.000000,-0.628319,0.200416,-3.178071
14.730000,1.000000,-0.628319,0.150492,-3.182798
14.760000,1.000000,-0.628319,0.150492,-3.182798
14.790000,1.000000,-0.628319,0.100443,-3.185955
14.820000,1.000000,-0.628319,0.100443,-3.185955
14.850000,1.000000,-0.628319,0.050320,-3.187538
14.880000,1.000000,-0.628319,0.000173,-3.187546
14.910000,1.000000,-0.628319,0.000173,-3.187546
14.940000,1.000000,-0.628319,-0.049951,-3.185978
14.970000,1.000000,-0.628319,-0.049951,-3.185978
15.000000,1.000000,-0.628319,-0.100000,-3.182837
15.030000,1.000000,-0.628319,-0.149926,-3.178125
15.060000,1.000000,-0.628319,-0.149926,-3.178125
15.090000,1.000000,-0.628319,-0.199679,-3.171848
15.120000,1.000000,-0.628319,-0.199679,-3.171848
15.150000,1.000000,-0.628319,-0.249211,-3.164011
15.180000,1.000000,-0.628319,-0.298472,-3.154622
15.210000,1.000000,-0.628319,-0.298472,-3.154622
15.240000,1.000000,-0.628319,-0.347414,-3.143690
15.270000,1.000000,-0.628319,-0.347414,-3.143690
15.300000,1.000000,-0.628319,-0.395988,-3.131226
15.330000,1.000000,-0.628319,-0.444147,-3.117243
15.360000,1.000000,-0.628319,-0.444147,-3.117243
15.390000,1.000000,-0.628319,-0.491843,-3.101753
15.420000,1.000000,-0.628319,-0.491843,-3.101753
15.450000,1.000000,-0.628319,-0.539028,-3.084774
15.480000,1.000000,-0.628319,-0.585657,-3.066320
15.510000,1.000000,-0.628319,-0.585657,-3.066320
15.540000,1.000000,-0.628319,-0.631684,-3.046411
15.570000,1.000000,-0.628319,-0.631684,-3.046411
15.600000,1.000000,-0.628319,-0.677062,-3.025066
15.630000,1.000000,-0.628319,-0.721748,-3.002307
15.660000,1.000000,-0.628319,-0.721748,-3.002307
15.690000,1.000000,-0.628319,-0.765696,-2.978155
15.720000,1.000000,-0.628319,-0.765696,-2.978155
15.750000,1.000000,-0.628319,-0.808865,-2.952634
15.780000,1.000000,-0.628319,-0.851210,-2.925770
15.810000,1.000000,-0.628319,-0.851210,-2.925770
15.840000,1.000000,-0.628319,-0.892691,-2.897589
15.870000,1.000000,-0.628319,-0.892691,-2.897589
15.900000,1.000000,-0.628319,-0.933266,-2.868119
15.930000,1.000000,-0.628319,-0.972895,-2.837389
15.960000,1.000000,-0.628319,-0.972895,-2.837389
15.990000,1.000000,-0.628319,-1.011539,-2.805430
16.020000,1.000000,-0.628319,-1.011539,-2.805430
16.050000,1.000000,-0.628319,-1.049161,-2.772272
16.080000,1.000000,-0.628319,-1.085723,-2.737950
16.110000,1.000000,-0.628319,-1.085723,-2.737950
16.140000,1.000000,-0.628319,-1.121188,-2.702495
16.170000,1.000000,-0.628319,-1.121188,-2.702495
16.200000,1.000000,-0.628319,-1.155522,-2.665944
16.230000,1.000000,-0.628319,-1.188691,-2.628333
16.260000,1.000000,-0.628319,-1.188691,-2.628333
16.290000,1.000000,-0.628319,-1.220663,-2.589698
16.320000,1.000000,-0.628319,-1.220663,-2.589698
16.350000,1.000000,-0.628319,-1.251405,-2.550079
16.380000,1.000000,-0.628319,-1.280887,-2.509513
16.410000,1.000000,-0.628319,-1.280887,-2.509513
16.440000,1.000000,-0.628319,-1.309081,-2.468041
16.470000,1.000000,-0.628319,-1.309081,-2.468041
16.500000,1.000000,-0.628319,-1.335958,-2.425704
16.530000,1.000000,-0.628319,-1.361492,-2.382543
16.560000,1.000000,-0.628319,-1.361492,-2.382543
16.590000,1.000000,-0.628319,-1.385657,-2.338602
16.620000,1.000000,-0.628319,-1.385657,-2.338602
16.650000,1.000000,-0.628319,-1.408431,-2.293924
16.680000,1.000000,-0.628319,-1.429790,-2.248552
16.710000,1.000000,-0.628319,-1.429790,-2.248552
16.740000,1.000000,-0.628319,-1.449713,-2.202532
16.770000,1.000000,-0.628319,-1.449713,-2.202532
16.800000,1.000000,-0.628319,-1.468181,-2.155908
16.830000,1.000000,-0.628319,-1.485175,-2.108728
16.860000,1.000000,-0.628319,-1.485175,-2.108728
16.890000,1.000000,-0.628319,-1.500679,-2.061037
16.920000,1.000000,-0.628319,-1.500679,-2.061037
16.950000,1.000000,-0.628319,-1.514677,-2.012882
16.980000,1.000000,-0.628319,-1.527156,-1.964312
17.010000,1.000000,-0.628319,-1.527156,-1.964312
17.040000,1.000000,-0.628319,-1.538103,-1.915373
17.070000,1.000000,-0.628319,-1.538103,-1.915373
17.100000,1.000000,-0.628319,-1.547507,-1.866115
17.130000,1.000000,-0.628319,-1.555360,-1.816586
17.160000,1.000000,-0.628319,-1.555360,-1.816586
17.190000,1.000000,-0.628319,-1.561653,-1.766835
17.220000,1.000000,-0.628319,-1.561653,-1.766835
17.250000,1.000000,-0.628319,-1.566380,-1.716910
17.280000,1.000000,-0.628319,-1.569536,-1.666862
17.310000,1.000000,-0.628319,-1.569536,-1.666862
17.340000,1.000000,-0.628319,-1.571119,-1.616739
17.370000,1.000000,-0.628319,-1.571119,-1.616739
17.400000,1.000000,-0.628319,-1.571127,-1.566591
17.430000,1.000000,-0.628319,-1.569560,-1.516468
17.460000,1.000000,-0.628319,-1.569560,-1.516468
17.490000,1.000000,-0.628319,-1.566419,-1.466419
17.520000,1.000000,-0.628319,-1.566419,-1.466419
17.550000,1.000000,-0.628319,-1.561707,-1.416493
17.580000,1.000000,-0.628319,-1.555429,-1.366739
17.610000,1.000000,-0.628319,-1.555429,-1.366739
17.640000,1.000000,-0.628319,-1.547592,-1.317208
17.670000,1.000000,-0.628319,-1.547592,-1.317208
17.700000,1.000000,-0.628319,-1.538203,-1.267947
17.730000,1.000000,-0.628319,-1.527271,-1.219005
17.760000,1.000000,-0.628319,-1.527271,-1.219005
17.790000,1.000000,-0.628319,-1.514807,-1.170431
17.820000,1.000000,-0.628319,-1.500824,-1.122272
17.850000,1.000000,-0.628319,-1.500824,-1.122272
17.880000,1.000000,-0.628319,-1.485335,-1.074576
17.910000,1.000000,-0.628319,-1.485335,-1.074576
17.940000,1.000000,-0.628319,-1.468355,-1.027390
17.970000,1.000000,-0.628319,-1.449902,-0.980761
18.000000,1.000000,-0.628319,-1.449902,-0.980761
18.030000,1.000000,-0.628319,-1.429993,-0.934735
18.060000,1.000000,-0.628319,-1.429993,-0.934735
18.090000,1.000000,-0.628319,-1.408648,-0.889356
18.120000,1.000000,-0.628319,-1.385888,-0.844671
18.150000,1.000000,-0.628319,-1.385888,-0.844671
18.180000,1.000000,-0.628319,-1.361736,-0.800722
18.210000,1.000000,-0.628319,-1.361736,-0.800722
18.240000,1.000000,-0.628319,-1.336215,-0.757554
18.270000,1.000000,-0.628319,-1.309351,-0.715208
18.300000,1.000000,-0.628319,-1.309351,-0.715208
18.330000,1.000000,-0.628319,-1.281171,-0.673728
18.360000,1.000000,-0.628319,-1.281171,-0.673728
18.390000,1.000000,-0.628319,-1.251701,-0.633153
18.420000,1.000000,-0.628319,-1.220971,-0.593524
18.450000,1.000000,-0.628319,-1.220971,-0.593524
18.480000,1.000000,-0.628319,-1.189011,-0.554879
18.510000,1.000000,-0.628319,-1.189011,-0.554879
18.540000,1.000000,-0.628319,-1.155854,-0.517258
18.570000,1.000000,-0.628319,-1.121531,-0.480696
18.600000,1.000000,-0.628319,-1.121531,-0.480696
18.630000,1.000000,-0.628319,-1.086077,-0.445231
18.660000,1.000000,-0.628319,-1.086077,-0.445231
18.690000,1.000000,-0.628319,-1.049526,-0.410897
18.720000,1.000000,-0.628319,-1.011914,-0.377727
18.750000,1.000000,-0.628319,-1.011914,-0.377727
18.780000,1.000000,-0.628319,-0.973280,-0.345756
18.810000,1.000000,-0.628319,-0.973280,-0.345756
18.840000,1.000000,-0.628319,-0.933660,-0.315014
18.870000,1.000000,-0.628319,-0.893094,-0.285531
18.900000,1.000000,-0.628319,-0.893094,-0.285531
18.930000,1.000000,-0.628319,-0.851622,-0.257338
18.960000,1.000000,-0.628319,-0.851622,-0.257338
18.990000,1.000000,-0.628319,-0.809285,-0.230461
19.020000,1.000000,-0.628319,-0.766125,-0.204927
19.050000,1.000000,-0.628319,-0.766125,-0.204927
19.080000,1.000000,-0.628319,-0.722184,-0.180761
19.110000,1.000000,-0.628319,-0.722184,-0.180761
19.140000,1.000000,-0.628319,-0.677505,-0.157988
19.170000,1.000000,-0.628319,-0.632133,-0.136629
19.200000,1.000000,-0.628319,-0.632133,-0.136629
19.230000,1.000000,-0.628319,-0.586113,-0.116705
19.260000,1.000000,-0.628319,-0.586113,-0.116705
19.290000,1.000000,-0.628319,-0.539490,-0.098238
19.320000,1.000000,-0.628319,-0.492309,-0.081243
19.350000,1.000000,-0.628319,-0.492309,-0.081243
19.380000,1.000000,-0.628319,-0.444618,-0.065739
19.410000,1.000000,-0.628319,-0.444618,-0.065739
19.440000,1.000000,-0.628319,-0.396464,-0.051741
19.470000,1.000000,-0.628319,-0.347893,-0.039262
19.500000,1.000000,-0.628319,-0.347893,-0.039262
19.530000,1.000000,-0.628319,-0.298955,-0.028315
19.560000,1.000000,-0.628319,-0.298955,-0.028315
19.590000,1.000000,-0.628319,-0.249697,-0.018911
19.620000,1.000000,-0.628319,-0.200168,-0.011059
19.650000,1.000000,-0.628319,-0.200168,-0.011059
19.680000,1.000000,-0.628319,-0.150416,-0.004766
19.710000,1.000000,-0.628319,-0.150416,-0.004766
19.740000,1.000000,-0.628319,-0.100492,-0.000039
19.770000,1.000000,-0.628319,-0.050443,0.003118
19.800000,1.000000,-0.628319,-0.050443,0.003118
19.830000,1.000000,-0.628319,-0.000320,0.004701
19.860000,1.000000,-0.628319,-0.000320,0.004701
19.890000,1.000000,-0.628319,0.049827,0.004709
19.920000,1.000000,-0.628319,0.099951,0.003141
19.950000,1.000000,-0.628319,0.099951,0.003141
19.980000,1.000000,-0.628319,0.099951,0.003141
