seno,cosseno,angulo
0.00000,0.00000,0.00045
0.00000,0.00000,0.00225
0.00162,0.04998,0.00405
0.00000,0.00000,0.00585
0.00487,0.05060,0.00765
0.00487,0.05060,0.00945
0.00000,0.00000,0.01125
0.00809,0.05109,0.01305
0.00000,0.00000,0.01485
0.01129,0.05144,0.01665
0.01129,0.05144,0.01845
0.00000,0.00000,0.02025
0.01443,0.05164,0.02205
0.01443,0.05164,0.02385
0.00000,0.00000,0.02565
0.01752,0.05169,0.02745
0.00000,0.00000,0.02925
0.02054,0.05158,0.03105
0.02054,0.05158,0.03285
0.00000,0.00000,0.03465
0.02347,0.05131,0.03645
0.02347,0.05131,0.03825
0.00000,0.00000,0.04005
0.02631,0.05087,0.04185
0.00000,0.00000,0.04365
0.02904,0.05026,0.04545
0.02904,0.05026,0.04725
0.00000,0.00000,0.04905
0.03166,0.04948,0.05085
0.03166,0.04948,0.05265
0.00000,0.00000,0.05445
0.03414,0.04853,0.05625
0.00000,0.00000,0.05805
0.03649,0.04741,0.05985
0.03649,0.04741,0.06165
0.00000,0.00000,0.06345
0.03870,0.04612,0.06525
0.03870,0.04612,0.06705
0.00000,0.00000,0.06885
0.04076,0.04465,0.07065
0.00000,0.00000,0.07245
0.04266,0.04302,0.07425
0.04266,0.04302,0.07605
0.00000,0.00000,0.07785
0.04440,0.04123,0.07965
0.04440,0.04123,0.08145
0.00000,0.00000,0.08325
0.04597,0.03927,0.08505
0.00000,0.00000,0.08685
0.04737,0.03716,0.08865
0.04737,0.03716,0.09045
0.00000,0.00000,0.09225
0.04860,0.03490,0.09405
0.04860,0.03490,0.09585
0.00000,0.00000,0.09765
0.04966,0.03250,0.09945
0.00000,0.00000,0.10125
0.05054,0.02997,0.10305
0.05054,0.02997,0.10485
0.00000,0.00000,0.10665
0.05125,0.02732,0.10845
0.05125,0.02732,0.11025
0.00000,0.00000,0.11205
0.05178,0.02455,0.11385
0.00000,0.00000,0.11565
0.05215,0.02168,0.11745
0.05215,0.02168,0.11925
0.00000,0.00000,0.12105
0.05235,0.01872,0.12285
0.05235,0.01872,0.12465
0.00000,0.00000,0.12645
0.05238,0.01568,0.12825
0.00000,0.00000,0.13005
0.05226,0.01257,0.13185
0.05226,0.01257,0.13365
0.00000,0.00000,0.13545
0.05199,0.00941,0.13725
0.05199,0.00941,0.13905
0.00000,0.00000,0.14085
0.05156,0.00621,0.14265
0.00000,0.00000,0.14445
0.05100,0.00297,0.14625
0.05100,0.00297,0.14805
0.00000,0.00000,0.14985
0.05031,-0.00027,0.15165
0.05031,-0.00027,0.15345
0.00000,0.00000,0.15525
0.04948,-0.00352,0.15705
0.00000,0.00000,0.15885
0.04854,-0.00676,0.16065
0.04854,-0.00676,0.16245
0.00000,0.00000,0.16425
0.04749,-0.00996,0.16605
0.04749,-0.00996,0.16785
0.00000,0.00000,0.16965
0.04634,-0.01313,0.17145
0.00000,0.00000,0.17325
0.04509,-0.01625,0.17505
0.04509,-0.01625,0.17685
0.00000,0.00000,0.17865
0.04376,-0.01929,0.18045
0.04376,-0.01929,0.18225
0.00000,0.00000,0.18405
0.04234,-0.02226,0.18585
0.00000,0.00000,0.18765
0.04086,-0.02514,0.18945
0.04086,-0.02514,0.19125
0.00000,0.00000,0.19305
0.03932,-0.02792,0.19485
0.03932,-0.02792,0.19665
0.00000,0.00000,0.19845
0.03772,-0.03058,0.20025
0.00000,0.00000,0.20205
0.03607,-0.03312,0.20385
0.03607,-0.03312,0.20565
0.00000,0.00000,0.20745
0.03439,-0.03553,0.20925
0.00000,0.00000,0.21105
0.03267,-0.03780,0.21285
0.03267,-0.03780,0.21465
0.00000,0.00000,0.21645
0.03092,-0.03992,0.21825
0.03092,-0.03992,0.22005
0.00000,0.00000,0.22185
0.02915,-0.04189,0.22365
0.00000,0.00000,0.22545
0.02737,-0.04370,0.22725
0.02737,-0.04370,0.22905
0.00000,0.00000,0.23085
0.02557,-0.04534,0.23265
0.02557,-0.04534,0.23445
0.00000,0.00000,0.23625
0.02377,-0.04681,0.23805
0.00000,0.00000,0.23985
0.02196,-0.04811,0.24165
0.02196,-0.04811,0.24345
0.00000,0.00000,0.24525
0.02015,-0.04924,0.24705
0.02015,-0.04924,0.24885
0.00000,0.00000,0.25065
0.01835,-0.05019,0.25245
0.00000,0.00000,0.25425
0.01654,-0.05097,0.25605
0.01654,-0.05097,0.25785
0.00000,0.00000,0.25965
0.01474,-0.05158,0.26145
0.01474,-0.05158,0.26325
0.00000,0.00000,0.26505
0.01295,-0.05202,0.26685
0.00000,0.00000,0.26865
0.01117,-0.05228,0.27045
0.01117,-0.05228,0.27225
0.00000,0.00000,0.27405
0.00939,-0.05239,0.27585
0.00939,-0.05239,0.27765
0.00000,0.00000,0.27945
0.00761,-0.05233,0.28125
0.00000,0.00000,0.28305
0.00585,-0.05212,0.28485
0.00585,-0.05212,0.28665
0.00000,0.00000,0.28845
0.00409,-0.05176,0.29025
0.00409,-0.05176,0.29205
0.00000,0.00000,0.29385
0.00233,-0.05125,0.29565
0.00000,0.00000,0.29745
0.00058,-0.05061,0.29925
0.00058,-0.05061,-0.18916
0.00000,0.00000,-0.19029
-0.00117,-0.04984,-0.19142
-0.00117,-0.04984,-0.19255
0.00000,0.00000,-0.19368
-0.00292,-0.04895,-0.19481
0.00000,0.00000,-0.19594
-0.00467,-0.04794,-0.19707
-0.00467,-0.04794,-0.19820
0.00000,0.00000,-0.19933
-0.00642,-0.04683,-0.20047
-0.00642,-0.04683,-0.20160
0.00000,0.00000,-0.20273
-0.00817,-0.04562,-0.20386
0.00000,0.00000,-0.20499
-0.00993,-0.04432,-0.20612
-0.00993,-0.04432,-0.20725
0.00000,0.00000,-0.20838
-0.01168,-0.04294,-0.20951
-0.01168,-0.04294,-0.21064
0.00000,0.00000,-0.21177
-0.01345,-0.04149,-0.21291
0.00000,0.00000,-0.21404
-0.01522,-0.03997,-0.21517
-0.01522,-0.03997,-0.21630
0.00000,0.00000,-0.21743
-0.01699,-0.03839,-0.21856
-0.01699,-0.03839,-0.21969
0.00000,0.00000,-0.22082
-0.01876,-0.03676,-0.22195
0.00000,0.00000,-0.22308
-0.02053,-0.03509,-0.22422
-0.02053,-0.03509,-0.22535
0.00000,0.00000,-0.22648
-0.02231,-0.03339,-0.22761
-0.02231,-0.03339,-0.22874
0.00000,0.00000,-0.22987
-0.02408,-0.03165,-0.23100
0.00000,0.00000,-0.23213
-0.02584,-0.02989,-0.23326
-0.02584,-0.02989,-0.23439
0.00000,0.00000,-0.23552
-0.02760,-0.02811,-0.23666
-0.02760,-0.02811,-0.23779
0.00000,0.00000,-0.23892
-0.02934,-0.02632,-0.24005
0.00000,0.00000,-0.24118
-0.03106,-0.02452,-0.24231
-0.03106,-0.02452,-0.24344
0.00000,0.00000,-0.24457
-0.03277,-0.02271,-0.24570
-0.03277,-0.02271,-0.24683
0.00000,0.00000,-0.24797
-0.03444,-0.02091,-0.24910
0.00000,0.00000,-0.25023
-0.03608,-0.01910,-0.25136
-0.03608,-0.01910,-0.25249
0.00000,0.00000,-0.25362
-0.03768,-0.01729,-0.25475
-0.03768,-0.01729,-0.25588
0.00000,0.00000,-0.25701
-0.03923,-0.01549,-0.25814
0.00000,0.00000,-0.25928
-0.04072,-0.01370,-0.26041
-0.04072,-0.01370,-0.26154
0.00000,0.00000,-0.26267
-0.04216,-0.01191,-0.26380
0.00000,0.00000,-0.26493
-0.04352,-0.01013,-0.26606
-0.04352,-0.01013,-0.26719
0.00000,0.00000,-0.26832
-0.04481,-0.00835,-0.26945
-0.04481,-0.00835,-0.27058
0.00000,0.00000,-0.27172
-0.04601,-0.00658,-0.27285
0.00000,0.00000,-0.27398
-0.04712,-0.00482,-0.27511
-0.04712,-0.00482,-0.27624
0.00000,0.00000,-0.27737
-0.04813,-0.00306,-0.27850
-0.04813,-0.00306,-0.27963
0.00000,0.00000,-0.28076
-0.04903,-0.00131,-0.28189
0.00000,0.00000,-0.28303
-0.04981,0.00044,-0.28416
-0.04981,0.00044,-0.28529
0.00000,0.00000,-0.28642
-0.05046,0.00219,-0.28755
-0.05046,0.00219,-0.28868
0.00000,0.00000,-0.28981
-0.05098,0.00394,-0.29094
0.00000,0.00000,-0.29207
-0.05137,0.00569,-0.29320
-0.05137,0.00569,-0.29433
0.00000,0.00000,-0.29547
-0.05160,0.00744,-0.29660
-0.05160,0.00744,-0.29773
0.00000,0.00000,-0.29886
-0.05169,0.00919,-0.29999
0.00000,0.00000,-0.30112
-0.05162,0.01095,-0.30225
-0.05162,0.01095,-0.30338
0.00000,0.00000,-0.30451
-0.05139,0.01271,-0.30564
-0.05139,0.01271,-0.30678
0.00000,0.00000,-0.30791
-0.05099,0.01448,-0.30904
0.00000,0.00000,-0.31017
-0.05043,0.01625,-0.31130
-0.05043,0.01625,-0.31243
0.00000,0.00000,-0.31356
-0.04969,0.01802,-0.31469
-0.04969,0.01802,-0.31582
0.00000,0.00000,-0.31695
-0.04879,0.01980,-0.31809
0.00000,0.00000,-0.31922
-0.04771,0.02157,-0.32035
-0.04771,0.02157,-0.32148
0.00000,0.00000,-0.32261
-0.04645,0.02334,-0.32374
-0.04645,0.02334,-0.32487
0.00000,0.00000,-0.32600
-0.04503,0.02511,-0.32713
0.00000,0.00000,-0.32826
-0.04344,0.02687,-0.32940
-0.04344,0.02687,-0.33053
0.00000,0.00000,-0.33166
-0.04169,0.02862,-0.33279
-0.04169,0.02862,-0.33392
0.00000,0.00000,-0.33505
-0.03977,0.03035,-0.33618
0.00000,0.00000,-0.33731
-0.03770,0.03206,-0.33844
-0.03770,0.03206,-0.33957
0.00000,0.00000,-0.34071
-0.03547,0.03375,-0.34184
-0.03547,0.03375,-0.34297
0.00000,0.00000,-0.34410
-0.03311,0.03540,-0.34523
0.00000,0.00000,-0.34636
-0.03061,0.03702,-0.34749
-0.03061,0.03702,-0.34862
0.00000,0.00000,-0.34975
-0.02799,0.03859,-0.35088
-0.02799,0.03859,-0.35202
0.00000,0.00000,-0.35315
-0.02525,0.04011,-0.35428
0.00000,0.00000,-0.35541
-0.02240,0.04157,-0.35654
-0.02240,0.04157,-0.35767
0.00000,0.00000,-0.35880
-0.01946,0.04297,-0.35993
-0.01946,0.04297,-0.36106
0.00000,0.00000,-0.36219
-0.01644,0.04429,-0.36333
0.00000,0.00000,-0.36446
-0.01335,0.04552,-0.36559
-0.01335,0.04552,-0.36672
0.00000,0.00000,-0.36785
-0.01020,0.04667,-0.36898
0.00000,0.00000,-0.37011
-0.00700,0.04772,-0.37124
-0.00700,0.04772,-0.37237
0.00000,0.00000,
-0.00378,0.04867,
-0.00378,0.04867,
0.00000,0.00000,
-0.00053,0.04950,
0.00000,0.00000,
0.00272,0.05020,
0.00272,0.05020,
0.00000,0.00000,
0.00596,0.05078,
0.00596,0.05078,
0.00000,0.00000,
0.00917,0.05122,
0.00000,0.00000,
0.01235,0.05152,
0.01235,0.05152,
0.00000,0.00000,
0.01548,0.05167,
0.01548,0.05167,
0.00000,0.00000,
0.01855,0.05167,
0.00000,0.00000,
0.02154,0.05150,
0.02154,0.05150,
0.00000,0.00000,
0.02444,0.05118,
0.02444,0.05118,
0.00000,0.00000,
0.02724,0.05068,
0.00000,0.00000,
0.02993,0.05002,
0.02993,0.05002,
0.00000,0.00000,
0.03251,0.04918,
0.03251,0.04918,
0.00000,0.00000,
0.03495,0.04818,
0.00000,0.00000,
0.03725,0.04700,
0.03725,0.04700,
0.00000,0.00000,
0.03941,0.04564,
0.03941,0.04564,
0.00000,0.00000,
0.04142,0.04412,
0.00000,0.00000,
0.04326,0.04243,
0.04326,0.04243,
0.00000,0.00000,
0.04495,0.04058,
0.04495,0.04058,
0.00000,0.00000,
0.04646,0.03858,
0.00000,0.00000,
0.04781,0.03642,
0.04781,0.03642,
0.00000,0.00000,
0.04898,0.03411,
0.04898,0.03411,
0.00000,0.00000,
0.04997,0.03167,
0.00000,0.00000,
0.05080,0.02909,
0.05080,0.02909,
0.00000,0.00000,
0.05145,0.02640,
0.05145,0.02640,
0.00000,0.00000,
0.05192,0.02360,
0.00000,0.00000,
0.05223,0.02070,
0.05223,0.02070,
0.00000,0.00000,
0.05238,0.01771,
0.05238,0.01771,
0.00000,0.00000,
0.05236,0.01464,
0.00000,0.00000,
0.05219,0.01151,
0.05219,0.01151,
0.00000,0.00000,
0.05186,0.00834,
0.05186,0.00834,
0.00000,0.00000,
0.05139,0.00512,
0.00000,0.00000,
0.05078,0.00188,
0.05078,0.00188,
0.00000,0.00000,
0.05004,-0.00137,
0.05004,-0.00137,
0.00000,0.00000,
0.04918,-0.00461,
0.00000,0.00000,
0.04820,-0.00784,
0.04820,-0.00784,
0.00000,0.00000,
0.04711,-0.01103,
0.00000,0.00000,
0.04593,-0.01419,
0.04593,-0.01419,
0.00000,0.00000,
0.04465,-0.01728,
0.04465,-0.01728,
0.00000,0.00000,
0.04329,-0.02030,
0.00000,0.00000,
0.04185,-0.02324,
0.04185,-0.02324,
0.00000,0.00000,
0.04035,-0.02609,
0.04035,-0.02609,
0.00000,0.00000,
0.03878,-0.02883,
0.00000,0.00000,
0.03717,-0.03145,
0.03717,-0.03145,
0.00000,0.00000,
0.03551,-0.03395,
0.03551,-0.03395,
0.00000,0.00000,
0.03381,-0.03631,
0.00000,0.00000,
0.03208,-0.03853,
0.03208,-0.03853,
0.00000,0.00000,
0.03033,-0.04060,
0.03033,-0.04060,
0.00000,0.00000,
0.02855,-0.04252,
0.00000,0.00000,
0.02677,-0.04427,
0.02677,-0.04427,
0.00000,0.00000,
0.02497,-0.04585,
0.02497,-0.04585,
0.00000,0.00000,
0.02316,-0.04727,
0.00000,0.00000,
0.02135,-0.04851,
0.02135,-0.04851,
0.00000,0.00000,
0.01954,-0.04958,
0.01954,-0.04958,
0.00000,0.00000,
0.01774,-0.05048,
0.00000,0.00000,
0.01594,-0.05120,
0.01594,-0.05120,
0.00000,0.00000,
0.01414,-0.05175,
0.01414,-0.05175,
0.00000,0.00000,
0.01235,-0.05213,
0.00000,0.00000,
0.01057,-0.05234,
0.01057,-0.05234,
0.00000,0.00000,
0.00879,-0.05239,
0.00879,-0.05239,
0.00000,0.00000,
0.00702,-0.05228,
0.00000,0.00000,
0.00526,-0.05201,
0.00526,-0.05201,
0.00000,0.00000,
0.00350,-0.05160,
0.00350,-0.05160,
0.00000,0.00000,
0.00174,-0.05105,
0.00000,0.00000,
-0.00001,-0.05037,
-0.00001,-0.05037,
0.00000,0.00000,
-0.00176,-0.04955,
-0.00176,-0.04955,
0.00000,0.00000,
-0.00351,-0.04862,
0.00000,0.00000,
-0.00526,-0.04758,
-0.00526,-0.04758,
0.00000,0.00000,
-0.00701,-0.04643,
0.00000,0.00000,
-0.00876,-0.04519,
-0.00876,-0.04519,
0.00000,0.00000,
-0.01052,-0.04386,
-0.01052,-0.04386,
0.00000,0.00000,
-0.01228,-0.04246,
0.00000,0.00000,
-0.01404,-0.04098,
-0.01404,-0.04098,
0.00000,0.00000,
-0.01581,-0.03944,
-0.01581,-0.03944,
0.00000,0.00000,
-0.01758,-0.03785,
