Tempo,Controle(u),PosX(x),PosY(y),Orientacao(theta)
0.000000,1.000000,0.010000,0.000000,0.010000
0.010000,1.000000,0.020000,0.000100,0.020000
0.020000,1.000000,0.029998,0.000300,0.030000
0.030000,1.000000,0.039993,0.000600,0.040000
0.040000,1.000000,0.049985,0.001000,0.050000
0.050000,1.000000,0.059973,0.001500,0.060000
0.060000,1.000000,0.069955,0.002099,0.070000
0.070000,1.000000,0.079930,0.002799,0.080000
0.080000,1.000000,0.089898,0.003598,0.090000
0.090000,1.000000,0.099858,0.004497,0.100000
0.100000,1.000000,0.109808,0.005495,0.110000
0.110000,1.000000,0.119747,0.006593,0.120000
0.120000,1.000000,0.129675,0.007790,0.130000
0.130000,1.000000,0.139591,0.009086,0.140000
0.140000,1.000000,0.149493,0.010482,0.150000
0.150000,1.000000,0.159381,0.011976,0.160000
0.160000,1.000000,0.169253,0.013569,0.170000
0.170000,1.000000,0.179109,0.015261,0.180000
0.180000,1.000000,0.188947,0.017051,0.190000
0.190000,1.000000,0.198767,0.018940,0.200000
0.200000,1.000000,0.208568,0.020927,0.210000
0.210000,1.000000,0.218348,0.023011,0.220000
0.220000,1.000000,0.228107,0.025193,0.230000
0.230000,1.000000,0.237844,0.027473,0.240000
0.240000,1.000000,0.247557,0.029850,0.250000
0.250000,1.000000,0.257246,0.032324,0.260000
0.260000,1.000000,0.266910,0.034895,0.270000
0.270000,1.000000,0.276548,0.037562,0.280000
0.280000,1.000000,0.286159,0.040326,0.290000
0.290000,1.000000,0.295741,0.043186,0.300000
0.300000,1.000000,0.305294,0.046141,0.310000
0.310000,1.000000,0.314818,0.049191,0.320000
0.320000,1.000000,0.324310,0.052337,0.330000
0.330000,1.000000,0.333771,0.055577,0.340000
0.340000,1.000000,0.343198,0.058912,0.350000
0.350000,1.000000,0.352592,0.062341,0.360000
0.360000,1.000000,0.361951,0.065864,0.370000
0.370000,1.000000,0.371274,0.069480,0.380000
0.380000,1.000000,0.380561,0.073189,0.390000
0.390000,1.000000,0.389810,0.076991,0.400000
0.400000,1.000000,0.399020,0.080885,0.410000
0.410000,1.000000,0.408192,0.084872,0.420000
0.420000,1.000000,0.417322,0.088949,0.430000
0.430000,1.000000,0.426412,0.093118,0.440000
0.440000,1.000000,0.435460,0.097377,0.450000
0.450000,1.000000,0.444464,0.101727,0.460000
0.460000,1.000000,0.453425,0.106166,0.470000
0.470000,1.000000,0.462340,0.110695,0.480000
0.480000,1.000000,0.471210,0.115313,0.490000
0.490000,1.000000,0.480034,0.120019,0.500000
0.500000,1.000000,0.488809,0.124814,0.510000
0.510000,1.000000,0.497537,0.129695,0.520000
0.520000,1.000000,0.506215,0.134664,0.530000
0.530000,1.000000,0.514843,0.139719,0.540000
0.540000,1.000000,0.523420,0.144861,0.550000
0.550000,1.000000,0.531945,0.150088,0.560000
0.560000,1.000000,0.540418,0.155400,0.570000
0.570000,1.000000,0.548837,0.160796,0.580000
0.580000,1.000000,0.557202,0.166276,0.590000
0.590000,1.000000,0.565511,0.171840,0.600000
0.600000,1.000000,0.573764,0.177486,0.610000
0.610000,1.000000,0.581961,0.183215,0.620000
0.620000,1.000000,0.590100,0.189025,0.630000
0.630000,1.000000,0.598180,0.194917,0.640000
0.640000,1.000000,0.606201,0.200889,0.650000
0.650000,1.000000,0.614162,0.206940,0.660000
0.660000,1.000000,0.622062,0.213072,0.670000
0.670000,1.000000,0.629900,0.219281,0.680000
0.680000,1.000000,0.637676,0.225569,0.690000
0.690000,1.000000,0.645388,0.231935,0.700000
0.700000,1.000000,0.653037,0.238377,0.710000
0.710000,1.000000,0.660620,0.244895,0.720000
0.720000,1.000000,0.668138,0.251489,0.730000
0.730000,1.000000,0.675590,0.258158,0.740000
0.740000,1.000000,0.682975,0.264901,0.750000
0.750000,1.000000,0.690292,0.271717,0.760000
0.760000,1.000000,0.697540,0.278606,0.770000
0.770000,1.000000,0.704719,0.285568,0.780000
0.780000,1.000000,0.711828,0.292600,0.790000
0.790000,1.000000,0.718867,0.299704,0.800000
0.800000,1.000000,0.725834,0.306878,0.810000
0.810000,1.000000,0.732729,0.314120,0.820000
0.820000,1.000000,0.739551,0.321432,0.830000
0.830000,1.000000,0.746300,0.328811,0.840000
0.840000,1.000000,0.752974,0.336258,0.850000
0.850000,1.000000,0.759574,0.343770,0.860000
0.860000,1.000000,0.766098,0.351349,0.870000
0.870000,1.000000,0.772547,0.358992,0.880000
0.880000,1.000000,0.778918,0.366700,0.890000
0.890000,1.000000,0.785212,0.374470,0.900000
0.900000,1.000000,0.791428,0.382304,0.910000
0.910000,1.000000,0.797566,0.390199,0.920000
0.920000,1.000000,0.803624,0.398155,0.930000
0.930000,1.000000,0.809602,0.406171,0.940000
0.940000,1.000000,0.815500,0.414246,0.950000
0.950000,1.000000,0.821317,0.422381,0.960000
0.960000,1.000000,0.827052,0.430572,0.970000
0.970000,1.000000,0.832705,0.438821,0.980000
0.980000,1.000000,0.838276,0.447126,0.990000
0.990000,1.000000,0.843762,0.455487,1.000000
1.000000,1.000000,0.849165,0.463901,1.010000
1.010000,1.000000,0.854484,0.472370,1.020000
1.020000,1.000000,0.859718,0.480891,1.030000
1.030000,1.000000,0.864866,0.489464,1.040000
1.040000,1.000000,0.869928,0.498088,1.050000
1.050000,1.000000,0.874904,0.506762,1.060000
1.060000,1.000000,0.879793,0.515485,1.070000
1.070000,1.000000,0.884594,0.524257,1.080000
1.080000,1.000000,0.889307,0.533077,1.090000
1.090000,1.000000,0.893932,0.541943,1.100000
1.100000,1.000000,0.898468,0.550855,1.110000
1.110000,1.000000,0.902915,0.559812,1.120000
1.120000,1.000000,0.907271,0.568813,1.130000
1.130000,1.000000,0.911538,0.577857,1.140000
1.140000,1.000000,0.915714,0.586944,1.150000
1.150000,1.000000,0.919799,0.596071,1.160000
1.160000,1.000000,0.923792,0.605239,1.170000
1.170000,1.000000,0.927694,0.614447,1.180000
1.180000,1.000000,0.931503,0.623693,1.190000
1.190000,1.000000,0.935220,0.632977,1.200000
1.200000,1.000000,0.938843,0.642297,1.210000
1.210000,1.000000,0.942373,0.651653,1.220000
1.220000,1.000000,0.945810,0.661044,1.230000
1.230000,1.000000,0.949152,0.670469,1.240000
1.240000,1.000000,0.952400,0.679927,1.250000
1.250000,1.000000,0.955553,0.689417,1.260000
1.260000,1.000000,0.958611,0.698938,1.270000
1.270000,1.000000,0.961574,0.708489,1.280000
1.280000,1.000000,0.964441,0.718069,1.290000
1.290000,1.000000,0.967213,0.727677,1.300000
1.300000,1.000000,0.969888,0.737313,1.310000
1.310000,1.000000,0.972466,0.746975,1.320000
1.320000,1.000000,0.974948,0.756662,1.330000
1.330000,1.000000,0.977333,0.766373,1.340000
1.340000,1.000000,0.979620,0.776108,1.350000
1.350000,1.000000,0.981810,0.785865,1.360000
1.360000,1.000000,0.983903,0.795644,1.370000
1.370000,1.000000,0.985897,0.805443,1.380000
1.380000,1.000000,0.987794,0.815262,1.390000
1.390000,1.000000,0.989592,0.825099,1.400000
1.400000,1.000000,0.991291,0.834953,1.410000
1.410000,1.000000,0.992892,0.844824,1.420000
1.420000,1.000000,0.994395,0.854711,1.430000
1.430000,1.000000,0.995798,0.864612,1.440000
1.440000,1.000000,0.997102,0.874526,1.450000
1.450000,1.000000,0.998307,0.884453,1.460000
1.460000,1.000000,0.999413,0.894392,1.470000
1.470000,1.000000,1.000419,0.904341,1.480000
1.480000,1.000000,1.001326,0.914300,1.490000
1.490000,1.000000,1.002133,0.924268,1.500000
1.500000,1.000000,1.002840,0.934243,1.510000
1.510000,1.000000,1.003448,0.944224,1.520000
1.520000,1.000000,1.003956,0.954211,1.530000
1.530000,1.000000,1.004364,0.964203,1.540000
1.540000,1.000000,1.004671,0.974198,1.550000
1.550000,1.000000,1.004879,0.984196,1.560000
1.560000,1.000000,1.004987,0.994195,1.570000
1.570000,1.000000,1.004995,1.004195,1.580000
1.580000,1.000000,1.004903,1.014195,1.590000
1.590000,1.000000,1.004711,1.024193,1.600000
1.600000,1.000000,1.004419,1.034189,1.610000
1.610000,1.000000,1.004027,1.044181,1.620000
1.620000,1.000000,1.003536,1.054169,1.630000
1.630000,1.000000,1.002944,1.064152,1.640000
1.640000,1.000000,1.002252,1.074128,1.650000
1.650000,1.000000,1.001461,1.084096,1.660000
1.660000,1.000000,1.000570,1.094056,1.670000
1.670000,1.000000,0.999580,1.104007,1.680000
1.680000,1.000000,0.998490,1.113948,1.690000
1.690000,1.000000,0.997301,1.123877,1.700000
1.700000,1.000000,0.996012,1.133793,1.710000
1.710000,1.000000,0.994625,1.143697,1.720000
1.720000,1.000000,0.993138,1.153586,1.730000
1.730000,1.000000,0.991553,1.163459,1.740000
1.740000,1.000000,0.989869,1.173316,1.750000
1.750000,1.000000,0.988087,1.183156,1.760000
1.760000,1.000000,0.986206,1.192978,1.770000
1.770000,1.000000,0.984227,1.202780,1.780000
1.780000,1.000000,0.982150,1.212562,1.790000
1.790000,1.000000,0.979976,1.222323,1.800000
1.800000,1.000000,0.977704,1.232061,1.810000
1.810000,1.000000,0.975334,1.241776,1.820000
1.820000,1.000000,0.972868,1.251467,1.830000
1.830000,1.000000,0.970305,1.261133,1.840000
1.840000,1.000000,0.967645,1.270773,1.850000
1.850000,1.000000,0.964889,1.280386,1.860000
1.860000,1.000000,0.962037,1.289971,1.870000
1.870000,1.000000,0.959090,1.299526,1.880000
1.880000,1.000000,0.956047,1.309052,1.890000
1.890000,1.000000,0.952909,1.318547,1.900000
1.900000,1.000000,0.949676,1.328010,1.910000
1.910000,1.000000,0.946348,1.337440,1.920000
1.920000,1.000000,0.942927,1.346837,1.930000
1.930000,1.000000,0.939412,1.356198,1.940000
1.940000,1.000000,0.935803,1.365525,1.950000
1.950000,1.000000,0.932101,1.374814,1.960000
1.960000,1.000000,0.928307,1.384066,1.970000
1.970000,1.000000,0.924420,1.393280,1.980000
1.980000,1.000000,0.920441,1.402454,1.990000
1.990000,1.000000,0.916371,1.411589,2.000000
2.000000,1.000000,0.912209,1.420682,2.010000
2.010000,1.000000,0.907957,1.429732,2.020000
2.020000,1.000000,0.903614,1.438740,2.030000
2.030000,1.000000,0.899182,1.447704,2.040000
2.040000,1.000000,0.894660,1.456624,2.050000
2.050000,1.000000,0.890050,1.465497,2.060000
2.060000,1.000000,0.885350,1.474324,2.070000
2.070000,1.000000,0.880563,1.483104,2.080000
2.080000,1.000000,0.875688,1.491835,2.090000
2.090000,1.000000,0.870726,1.500518,2.100000
2.100000,1.000000,0.865678,1.509150,2.110000
2.110000,1.000000,0.860543,1.517731,2.120000
2.120000,1.000000,0.855323,1.526260,2.130000
2.130000,1.000000,0.850018,1.534737,2.140000
2.140000,1.000000,0.844629,1.543160,2.150000
2.150000,1.000000,0.839155,1.551529,2.160000
2.160000,1.000000,0.833598,1.559843,2.170000
2.170000,1.000000,0.827958,1.568101,2.180000
2.180000,1.000000,0.822236,1.576302,2.190000
2.190000,1.000000,0.816432,1.584445,2.200000
2.200000,1.000000,0.810547,1.592530,2.210000
2.210000,1.000000,0.804582,1.600556,2.220000
2.220000,1.000000,0.798536,1.608522,2.230000
2.230000,1.000000,0.792411,1.616427,2.240000
2.240000,1.000000,0.786208,1.624270,2.250000
2.250000,1.000000,0.779926,1.632050,2.260000
2.260000,1.000000,0.773567,1.639768,2.270000
2.270000,1.000000,0.767131,1.647421,2.280000
2.280000,1.000000,0.760618,1.655010,2.290000
2.290000,1.000000,0.754030,1.662534,2.300000
2.300000,1.000000,0.747368,1.669991,2.310000
2.310000,1.000000,0.740631,1.677381,2.320000
2.320000,1.000000,0.733820,1.684703,2.330000
2.330000,1.000000,0.726937,1.691957,2.340000
2.340000,1.000000,0.719981,1.699142,2.350000
2.350000,1.000000,0.712954,1.706256,2.360000
2.360000,1.000000,0.705856,1.713300,2.370000
2.370000,1.000000,0.698688,1.720273,2.380000
2.380000,1.000000,0.691451,1.727174,2.390000
2.390000,1.000000,0.684145,1.734002,2.400000
2.400000,1.000000,0.676771,1.740757,2.410000
2.410000,1.000000,0.669329,1.747437,2.420000
2.420000,1.000000,0.661822,1.754043,2.430000
2.430000,1.000000,0.654249,1.760573,2.440000
2.440000,1.000000,0.646611,1.767028,2.450000
2.450000,1.000000,0.638908,1.773405,2.460000
2.460000,1.000000,0.631143,1.779706,2.470000
2.470000,1.000000,0.623314,1.785928,2.480000
2.480000,1.000000,0.615424,1.792072,2.490000
2.490000,1.000000,0.607473,1.798136,2.500000
2.500000,1.000000,0.599461,1.804121,2.510000
2.510000,1.000000,0.591391,1.810025,2.520000
2.520000,1.000000,0.583261,1.815849,2.530000
2.530000,1.000000,0.575074,1.821590,2.540000
2.540000,1.000000,0.566829,1.827250,2.550000
2.550000,1.000000,0.558529,1.832827,2.560000
2.560000,1.000000,0.550173,1.838320,2.570000
2.570000,1.000000,0.541763,1.843730,2.580000
2.580000,1.000000,0.533298,1.849055,2.590000
2.590000,1.000000,0.524782,1.854296,2.600000
2.600000,1.000000,0.516213,1.859451,2.610000
2.610000,1.000000,0.507593,1.864520,2.620000
2.620000,1.000000,0.498922,1.869502,2.630000
2.630000,1.000000,0.490203,1.874398,2.640000
2.640000,1.000000,0.481435,1.879206,2.650000
2.650000,1.000000,0.472619,1.883927,2.660000
2.660000,1.000000,0.463756,1.888559,2.670000
2.670000,1.000000,0.454848,1.893102,2.680000
2.680000,1.000000,0.445894,1.897555,2.690000
2.690000,1.000000,0.436897,1.901919,2.700000
2.700000,1.000000,0.427856,1.906193,2.710000
2.710000,1.000000,0.418773,1.910376,2.720000
2.720000,1.000000,0.409649,1.914468,2.730000
2.730000,1.000000,0.400484,1.918469,2.740000
2.740000,1.000000,0.391279,1.922378,2.750000
2.750000,1.000000,0.382036,1.926195,2.760000
2.760000,1.000000,0.372756,1.929919,2.770000
2.770000,1.000000,0.363438,1.933550,2.780000
2.780000,1.000000,0.354085,1.937087,2.790000
2.790000,1.000000,0.344696,1.940531,2.800000
2.800000,1.000000,0.335274,1.943881,2.810000
2.810000,1.000000,0.325819,1.947137,2.820000
2.820000,1.000000,0.316332,1.950297,2.830000
2.830000,1.000000,0.306813,1.953363,2.840000
2.840000,1.000000,0.297265,1.956334,2.850000
2.850000,1.000000,0.287687,1.959208,2.860000
2.860000,1.000000,0.278081,1.961987,2.870000
2.870000,1.000000,0.268447,1.964670,2.880000
2.880000,1.000000,0.258787,1.967256,2.890000
2.890000,1.000000,0.249102,1.969745,2.900000
2.900000,1.000000,0.239393,1.972138,2.910000
2.910000,1.000000,0.229660,1.974433,2.920000
2.920000,1.000000,0.219904,1.976631,2.930000
2.930000,1.000000,0.210127,1.978731,2.940000
2.940000,1.000000,0.200330,1.980734,2.950000
2.950000,1.000000,0.190513,1.982638,2.960000
2.960000,1.000000,0.180677,1.984444,2.970000
2.970000,1.000000,0.170824,1.986151,2.980000
2.980000,1.000000,0.160954,1.987760,2.990000
2.990000,1.000000,0.151069,1.989270,3.000000
3.000000,1.000000,0.141169,1.990682,3.010000
3.010000,1.000000,0.131255,1.991994,3.020000
3.020000,1.000000,0.121329,1.993207,3.030000
3.030000,1.000000,0.111391,1.994320,3.040000
3.040000,1.000000,0.101443,1.995334,3.050000
3.050000,1.000000,0.091485,1.996249,3.060000
3.060000,1.000000,0.081518,1.997064,3.070000
3.070000,1.000000,0.071544,1.997779,3.080000
3.080000,1.000000,0.061563,1.998395,3.090000
3.090000,1.000000,0.051576,1.998911,3.100000
3.100000,1.000000,0.041585,1.999326,3.110000
3.110000,1.000000,0.031590,1.999642,3.120000
3.120000,1.000000,0.021592,1.999858,3.130000
3.130000,1.000000,0.011593,1.999974,3.140000
3.140000,1.000000,0.001593,1.999990,3.150000
3.150000,1.000000,-0.008407,1.999906,3.160000
3.160000,1.000000,-0.018405,1.999722,3.170000
3.170000,1.000000,-0.028401,1.999438,3.180000
3.180000,1.000000,-0.038394,1.999054,3.190000
3.190000,1.000000,-0.048382,1.998570,3.200000
3.200000,1.000000,-0.058365,1.997986,3.210000
3.210000,1.000000,-0.068342,1.997303,3.220000
3.220000,1.000000,-0.078311,1.996519,3.230000
3.230000,1.000000,-0.088272,1.995637,3.240000
3.240000,1.000000,-0.098224,1.994654,3.250000
3.250000,1.000000,-0.108165,1.993572,3.260000
3.260000,1.000000,-0.118095,1.992391,3.270000
3.270000,1.000000,-0.128013,1.991110,3.280000
3.280000,1.000000,-0.137917,1.989731,3.290000
3.290000,1.000000,-0.147807,1.988252,3.300000
3.300000,1.000000,-0.157682,1.986674,3.310000
3.310000,1.000000,-0.167540,1.984998,3.320000
3.320000,1.000000,-0.177382,1.983224,3.330000
3.330000,1.000000,-0.187205,1.981351,3.340000
3.340000,1.000000,-0.197008,1.979380,3.350000
3.350000,1.000000,-0.206792,1.977311,3.360000
3.360000,1.000000,-0.216554,1.975144,3.370000
3.370000,1.000000,-0.226295,1.972880,3.380000
3.380000,1.000000,-0.236012,1.970518,3.390000
3.390000,1.000000,-0.245705,1.968060,3.400000
3.400000,1.000000,-0.255373,1.965504,3.410000
3.410000,1.000000,-0.265015,1.962852,3.420000
3.420000,1.000000,-0.274630,1.960104,3.430000
3.430000,1.000000,-0.284217,1.957260,3.440000
3.440000,1.000000,-0.293775,1.954320,3.450000
3.450000,1.000000,-0.303303,1.951284,3.460000
3.460000,1.000000,-0.312800,1.948154,3.470000
3.470000,1.000000,-0.322266,1.944928,3.480000
3.480000,1.000000,-0.331699,1.941608,3.490000
3.490000,1.000000,-0.341098,1.938194,3.500000
3.500000,1.000000,-0.350463,1.934687,3.510000
3.510000,1.000000,-0.359792,1.931085,3.520000
3.520000,1.000000,-0.369084,1.927391,3.530000
3.530000,1.000000,-0.378339,1.923604,3.540000
3.540000,1.000000,-0.387556,1.919724,3.550000
3.550000,1.000000,-0.396734,1.915753,3.560000
3.560000,1.000000,-0.405871,1.911690,3.570000
3.570000,1.000000,-0.414967,1.907536,3.580000
3.580000,1.000000,-0.424022,1.903291,3.590000
3.590000,1.000000,-0.433033,1.898955,3.600000
3.600000,1.000000,-0.442001,1.894530,3.610000
3.610000,1.000000,-0.450923,1.890015,3.620000
3.620000,1.000000,-0.459801,1.885412,3.630000
3.630000,1.000000,-0.468632,1.880719,3.640000
3.640000,1.000000,-0.477415,1.875939,3.650000
3.650000,1.000000,-0.486150,1.871071,3.660000
3.660000,1.000000,-0.494836,1.866116,3.670000
3.670000,1.000000,-0.503472,1.861075,3.680000
3.680000,1.000000,-0.512058,1.855947,3.690000
3.690000,1.000000,-0.520591,1.850734,3.700000
3.700000,1.000000,-0.529072,1.845435,3.710000
3.710000,1.000000,-0.537500,1.840053,3.720000
3.720000,1.000000,-0.545873,1.834586,3.730000
3.730000,1.000000,-0.554191,1.829035,3.740000
3.740000,1.000000,-0.562454,1.823402,3.750000
3.750000,1.000000,-0.570659,1.817686,3.760000
3.760000,1.000000,-0.578807,1.811889,3.770000
3.770000,1.000000,-0.586897,1.806010,3.780000
3.780000,1.000000,-0.594927,1.800051,3.790000
3.790000,1.000000,-0.602898,1.794012,3.800000
3.800000,1.000000,-0.610808,1.787893,3.810000
3.810000,1.000000,-0.618656,1.781696,3.820000
3.820000,1.000000,-0.626441,1.775421,3.830000
3.830000,1.000000,-0.634164,1.769068,3.840000
3.840000,1.000000,-0.641823,1.762638,3.850000
3.850000,1.000000,-0.649417,1.756131,3.860000
3.860000,1.000000,-0.656945,1.749549,3.870000
3.870000,1.000000,-0.664408,1.742893,3.880000
3.880000,1.000000,-0.671803,1.736161,3.890000
3.890000,1.000000,-0.679131,1.729357,3.900000
3.900000,1.000000,-0.686390,1.722479,3.910000
3.910000,1.000000,-0.693580,1.715529,3.920000
3.920000,1.000000,-0.700701,1.708508,3.930000
3.930000,1.000000,-0.707750,1.701415,3.940000
3.940000,1.000000,-0.714729,1.694253,3.950000
3.950000,1.000000,-0.721635,1.687021,3.960000
3.960000,1.000000,-0.728469,1.679720,3.970000
3.970000,1.000000,-0.735230,1.672352,3.980000
3.980000,1.000000,-0.741916,1.664916,3.990000
3.990000,1.000000,-0.748528,1.657414,4.000000
4.000000,1.000000,-0.755064,1.649846,4.010000
4.010000,1.000000,-0.761525,1.642213,4.020000
4.020000,1.000000,-0.767909,1.634516,4.030000
4.030000,1.000000,-0.774215,1.626755,4.040000
4.040000,1.000000,-0.780444,1.618932,4.050000
4.050000,1.000000,-0.786594,1.611046,4.060000
4.060000,1.000000,-0.792665,1.603100,4.070000
4.070000,1.000000,-0.798656,1.595093,4.080000
4.080000,1.000000,-0.804566,1.587027,4.090000
4.090000,1.000000,-0.810396,1.578902,4.100000
4.100000,1.000000,-0.816144,1.570719,4.110000
4.110000,1.000000,-0.821811,1.562480,4.120000
4.120000,1.000000,-0.827394,1.554184,4.130000
4.130000,1.000000,-0.832894,1.545832,4.140000
4.140000,1.000000,-0.838311,1.537426,4.150000
4.150000,1.000000,-0.843643,1.528966,4.160000
4.160000,1.000000,-0.848890,1.520453,4.170000
4.170000,1.000000,-0.854052,1.511889,4.180000
4.180000,1.000000,-0.859128,1.503273,4.190000
4.190000,1.000000,-0.864117,1.494606,4.200000
4.200000,1.000000,-0.869020,1.485891,4.210000
4.210000,1.000000,-0.873835,1.477126,4.220000
4.220000,1.000000,-0.878562,1.468314,4.230000
4.230000,1.000000,-0.883201,1.459455,4.240000
4.240000,1.000000,-0.887751,1.450550,4.250000
4.250000,1.000000,-0.892212,1.441600,4.260000
4.260000,1.000000,-0.896583,1.432606,4.270000
4.270000,1.000000,-0.900864,1.423569,4.280000
4.280000,1.000000,-0.905055,1.414489,4.290000
4.290000,1.000000,-0.909154,1.405368,4.300000
4.300000,1.000000,-0.913162,1.396207,4.310000
4.310000,1.000000,-0.917078,1.387005,4.320000
4.320000,1.000000,-0.920902,1.377765,4.330000
4.330000,1.000000,-0.924634,1.368488,4.340000
4.340000,1.000000,-0.928272,1.359173,4.350000
4.350000,1.000000,-0.931817,1.349823,4.360000
4.360000,1.000000,-0.935269,1.340437,4.370000
4.370000,1.000000,-0.938626,1.331017,4.380000
4.380000,1.000000,-0.941889,1.321565,4.390000
4.390000,1.000000,-0.945057,1.312080,4.400000
4.400000,1.000000,-0.948131,1.302564,4.410000
4.410000,1.000000,-0.951109,1.293018,4.420000
4.420000,1.000000,-0.953991,1.283442,4.430000
4.430000,1.000000,-0.956778,1.273838,4.440000
4.440000,1.000000,-0.959468,1.264207,4.450000
4.450000,1.000000,-0.962062,1.254549,4.460000
4.460000,1.000000,-0.964559,1.244866,4.470000
4.470000,1.000000,-0.966959,1.235158,4.480000
4.480000,1.000000,-0.969262,1.225427,4.490000
4.490000,1.000000,-0.971468,1.215673,4.500000
4.500000,1.000000,-0.973576,1.205898,4.510000
4.510000,1.000000,-0.975586,1.196102,4.520000
4.520000,1.000000,-0.977498,1.186287,4.530000
4.530000,1.000000,-0.979312,1.176453,4.540000
4.540000,1.000000,-0.981027,1.166601,4.550000
4.550000,1.000000,-0.982644,1.156732,4.560000
4.560000,1.000000,-0.984162,1.146848,4.570000
4.570000,1.000000,-0.985581,1.136949,4.580000
4.580000,1.000000,-0.986901,1.127037,4.590000
4.590000,1.000000,-0.988122,1.117112,4.600000
4.600000,1.000000,-0.989243,1.107175,4.610000
4.610000,1.000000,-0.990266,1.097227,4.620000
4.620000,1.000000,-0.991188,1.087270,4.630000
4.630000,1.000000,-0.992011,1.077304,4.640000
4.640000,1.000000,-0.992734,1.067330,4.650000
4.650000,1.000000,-0.993358,1.057349,4.660000
4.660000,1.000000,-0.993882,1.047363,4.670000
4.670000,1.000000,-0.994305,1.037372,4.680000
4.680000,1.000000,-0.994629,1.027377,4.690000
4.690000,1.000000,-0.994853,1.017380,4.700000
4.700000,1.000000,-0.994977,1.007381,4.710000
4.710000,1.000000,-0.995001,0.997381,4.720000
4.720000,1.000000,-0.994925,0.987381,4.730000
4.730000,1.000000,-0.994749,0.977382,4.740000
4.740000,1.000000,-0.994472,0.967386,4.750000
4.750000,1.000000,-0.994096,0.957393,4.760000
4.760000,1.000000,-0.993621,0.947405,4.770000
4.770000,1.000000,-0.993045,0.937421,4.780000
4.780000,1.000000,-0.992369,0.927444,4.790000
4.790000,1.000000,-0.991594,0.917474,4.800000
4.800000,1.000000,-0.990719,0.907513,4.810000
4.810000,1.000000,-0.989744,0.897560,4.820000
4.820000,1.000000,-0.988670,0.887618,4.830000
4.830000,1.000000,-0.987497,0.877687,4.840000
4.840000,1.000000,-0.986224,0.867768,4.850000
4.850000,1.000000,-0.984852,0.857863,4.860000
4.860000,1.000000,-0.983382,0.847972,4.870000
4.870000,1.000000,-0.981812,0.838096,4.880000
4.880000,1.000000,-0.980144,0.828236,4.890000
4.890000,1.000000,-0.978377,0.818393,4.900000
4.900000,1.000000,-0.976512,0.808569,4.910000
4.910000,1.000000,-0.974549,0.798763,4.920000
4.920000,1.000000,-0.972487,0.788978,4.930000
4.930000,1.000000,-0.970328,0.779214,4.940000
4.940000,1.000000,-0.968072,0.769472,4.950000
4.950000,1.000000,-0.965718,0.759753,4.960000
4.960000,1.000000,-0.963267,0.750058,4.970000
4.970000,1.000000,-0.960719,0.740388,4.980000
4.980000,1.000000,-0.958075,0.730744,4.990000
4.990000,1.000000,-0.955335,0.721126,5.000000
5.000000,1.000000,-0.952498,0.711537,5.010000
5.010000,1.000000,-0.949566,0.701977,5.020000
5.020000,1.000000,-0.946538,0.692446,5.030000
5.030000,1.000000,-0.943415,0.682946,5.040000
5.040000,1.000000,-0.940197,0.673478,5.050000
5.050000,1.000000,-0.936885,0.664043,5.060000
5.060000,1.000000,-0.933478,0.654641,5.070000
5.070000,1.000000,-0.929978,0.645274,5.080000
5.080000,1.000000,-0.926384,0.635942,5.090000
5.090000,1.000000,-0.922697,0.626646,5.100000
5.100000,1.000000,-0.918917,0.617388,5.110000
5.110000,1.000000,-0.915045,0.608168,5.120000
5.120000,1.000000,-0.911081,0.598987,5.130000
5.130000,1.000000,-0.907025,0.589847,5.140000
5.140000,1.000000,-0.902878,0.580747,5.150000
5.150000,1.000000,-0.898640,0.571690,5.160000
5.160000,1.000000,-0.894312,0.562675,5.170000
5.170000,1.000000,-0.889894,0.553704,5.180000
5.180000,1.000000,-0.885386,0.544777,5.190000
5.190000,1.000000,-0.880790,0.535896,5.200000
5.200000,1.000000,-0.876105,0.527062,5.210000
5.210000,1.000000,-0.871331,0.518274,5.220000
5.220000,1.000000,-0.866471,0.509535,5.230000
5.230000,1.000000,-0.861522,0.500845,5.240000
5.240000,1.000000,-0.856488,0.492205,5.250000
5.250000,1.000000,-0.851367,0.483616,5.260000
5.260000,1.000000,-0.846160,0.475078,5.270000
5.270000,1.000000,-0.840869,0.466593,5.280000
5.280000,1.000000,-0.835493,0.458161,5.290000
5.290000,1.000000,-0.830032,0.449783,5.300000
5.300000,1.000000,-0.824489,0.441461,5.310000
5.310000,1.000000,-0.818862,0.433194,5.320000
5.320000,1.000000,-0.813153,0.424984,5.330000
5.330000,1.000000,-0.807362,0.416831,5.340000
5.340000,1.000000,-0.801490,0.408737,5.350000
5.350000,1.000000,-0.795537,0.400701,5.360000
5.360000,1.000000,-0.789504,0.392726,5.370000
5.370000,1.000000,-0.783392,0.384812,5.380000
5.380000,1.000000,-0.777201,0.376959,5.390000
5.390000,1.000000,-0.770932,0.369168,5.400000
5.400000,1.000000,-0.764585,0.361440,5.410000
5.410000,1.000000,-0.758161,0.353776,5.420000
5.420000,1.000000,-0.751660,0.346177,5.430000
5.430000,1.000000,-0.745085,0.338644,5.440000
5.440000,1.000000,-0.738434,0.331176,5.450000
5.450000,1.000000,-0.731709,0.323775,5.460000
5.460000,1.000000,-0.724910,0.316442,5.470000
5.470000,1.000000,-0.718038,0.309177,5.480000
5.480000,1.000000,-0.711094,0.301981,5.490000
5.490000,1.000000,-0.704078,0.294855,5.500000
5.500000,1.000000,-0.696991,0.287800,5.510000
5.510000,1.000000,-0.689834,0.280816,5.520000
5.520000,1.000000,-0.682608,0.273904,5.530000
5.530000,1.000000,-0.675313,0.267064,5.540000
5.540000,1.000000,-0.667950,0.260298,5.550000
5.550000,1.000000,-0.660519,0.253605,5.560000
5.560000,1.000000,-0.653022,0.246987,5.570000
5.570000,1.000000,-0.645459,0.240445,5.580000
5.580000,1.000000,-0.637831,0.233978,5.590000
5.590000,1.000000,-0.630139,0.227589,5.600000
5.600000,1.000000,-0.622384,0.221276,5.610000
5.610000,1.000000,-0.614565,0.215041,5.620000
5.620000,1.000000,-0.606685,0.208885,5.630000
5.630000,1.000000,-0.598743,0.202808,5.640000
5.640000,1.000000,-0.590741,0.196810,5.650000
5.650000,1.000000,-0.582680,0.190893,5.660000
5.660000,1.000000,-0.574560,0.185057,5.670000
5.670000,1.000000,-0.566381,0.179302,5.680000
5.680000,1.000000,-0.558146,0.173629,5.690000
5.690000,1.000000,-0.549855,0.168039,5.700000
5.700000,1.000000,-0.541507,0.162532,5.710000
5.710000,1.000000,-0.533106,0.157109,5.720000
5.720000,1.000000,-0.524650,0.151770,5.730000
5.730000,1.000000,-0.516141,0.146516,5.740000
5.740000,1.000000,-0.507581,0.141348,5.750000
5.750000,1.000000,-0.498969,0.136265,5.760000
5.760000,1.000000,-0.490307,0.131269,5.770000
5.770000,1.000000,-0.481595,0.126359,5.780000
5.780000,1.000000,-0.472834,0.121537,5.790000
5.790000,1.000000,-0.464026,0.116803,5.800000
5.800000,1.000000,-0.455171,0.112157,5.810000
5.810000,1.000000,-0.446269,0.107599,5.820000
5.820000,1.000000,-0.437323,0.103131,5.830000
5.830000,1.000000,-0.428333,0.098753,5.840000
5.840000,1.000000,-0.419299,0.094465,5.850000
5.850000,1.000000,-0.410222,0.090267,5.860000
5.860000,1.000000,-0.401104,0.086160,5.870000
5.870000,1.000000,-0.391946,0.082145,5.880000
5.880000,1.000000,-0.382748,0.078222,5.890000
5.890000,1.000000,-0.373511,0.074390,5.900000
5.900000,1.000000,-0.364236,0.070652,5.910000
5.910000,1.000000,-0.354924,0.067006,5.920000
5.920000,1.000000,-0.345577,0.063453,5.930000
5.930000,1.000000,-0.336194,0.059994,5.940000
5.940000,1.000000,-0.326777,0.056629,5.950000
5.950000,1.000000,-0.317327,0.053359,5.960000
5.960000,1.000000,-0.307845,0.050183,5.970000
5.970000,1.000000,-0.298331,0.047102,5.980000
5.980000,1.000000,-0.288787,0.044116,5.990000
5.990000,1.000000,-0.279214,0.041226,6.000000
6.000000,1.000000,-0.269612,0.038432,6.010000
6.010000,1.000000,-0.259983,0.035734,6.020000
6.020000,1.000000,-0.250327,0.033133,6.030000
6.030000,1.000000,-0.240646,0.030628,6.040000
6.040000,1.000000,-0.230941,0.028220,6.050000
6.050000,1.000000,-0.221211,0.025909,6.060000
6.060000,1.000000,-0.211459,0.023696,6.070000
6.070000,1.000000,-0.201686,0.021580,6.080000
6.080000,1.000000,-0.191891,0.019562,6.090000
6.090000,1.000000,-0.182077,0.017642,6.100000
6.100000,1.000000,-0.172245,0.015821,6.110000
6.110000,1.000000,-0.162394,0.014097,6.120000
6.120000,1.000000,-0.152527,0.012473,6.130000
6.130000,1.000000,-0.142644,0.010947,6.140000
6.140000,1.000000,-0.132747,0.009520,6.150000
6.150000,1.000000,-0.122835,0.008192,6.160000
6.160000,1.000000,-0.112911,0.006963,6.170000
6.170000,1.000000,-0.102975,0.005834,6.180000
6.180000,1.000000,-0.093028,0.004804,6.190000
6.190000,1.000000,-0.083071,0.003873,6.200000
6.200000,1.000000,-0.073106,0.003042,6.210000
6.210000,1.000000,-0.063133,0.002311,6.220000
6.220000,1.000000,-0.053153,0.001680,6.230000
6.230000,1.000000,-0.043167,0.001148,6.240000
6.240000,1.000000,-0.033176,0.000716,6.250000
6.250000,1.000000,-0.023182,0.000385,6.260000
6.260000,1.000000,-0.013184,0.000153,6.270000
6.270000,1.000000,-0.003185,0.000021,6.280000
6.280000,1.000000,0.006815,-0.000011,6.290000
6.290000,1.000000,0.016814,0.000057,6.300000
6.300000,1.000000,0.026813,0.000225,6.310000
6.310000,1.000000,0.036809,0.000494,6.320000
6.320000,1.000000,0.046803,0.000862,6.330000
6.330000,1.000000,0.056792,0.001330,6.340000
6.340000,1.000000,0.066776,0.001897,6.350000
6.350000,1.000000,0.076753,0.002565,6.360000
6.360000,1.000000,0.086724,0.003332,6.370000
6.370000,1.000000,0.096686,0.004200,6.380000
6.380000,1.000000,0.106639,0.005166,6.390000
6.390000,1.000000,0.116582,0.006232,6.400000
6.400000,1.000000,0.126514,0.007398,6.410000
6.410000,1.000000,0.136434,0.008663,6.420000
6.420000,1.000000,0.146340,0.010026,6.430000
6.430000,1.000000,0.156233,0.011489,6.440000
6.440000,1.000000,0.166110,0.013051,6.450000
6.450000,1.000000,0.175971,0.014711,6.460000
6.460000,1.000000,0.185815,0.016470,6.470000
6.470000,1.000000,0.195641,0.018328,6.480000
6.480000,1.000000,0.205448,0.020283,6.490000
6.490000,1.000000,0.215235,0.022337,6.500000
6.500000,1.000000,0.225001,0.024488,6.510000
6.510000,1.000000,0.234745,0.026737,6.520000
6.520000,1.000000,0.244466,0.029083,6.530000
6.530000,1.000000,0.254163,0.031526,6.540000
6.540000,1.000000,0.263835,0.034066,6.550000
6.550000,1.000000,0.273481,0.036702,6.560000
6.560000,1.000000,0.283100,0.039435,6.570000
6.570000,1.000000,0.292692,0.042264,6.580000
6.580000,1.000000,0.302255,0.045189,6.590000
6.590000,1.000000,0.311788,0.048209,6.600000
6.600000,1.000000,0.321290,0.051325,6.610000
6.610000,1.000000,0.330761,0.054535,6.620000
6.620000,1.000000,0.340199,0.057840,6.630000
6.630000,1.000000,0.349603,0.061239,6.640000
6.640000,1.000000,0.358973,0.064732,6.650000
6.650000,1.000000,0.368308,0.068318,6.660000
6.660000,1.000000,0.377607,0.071998,6.670000
6.670000,1.000000,0.386868,0.075770,6.680000
6.680000,1.000000,0.396091,0.079635,6.690000
6.690000,1.000000,0.405275,0.083592,6.700000
6.700000,1.000000,0.414418,0.087640,6.710000
6.710000,1.000000,0.423521,0.091780,6.720000
6.720000,1.000000,0.432582,0.096011,6.730000
6.730000,1.000000,0.441601,0.100332,6.740000
6.740000,1.000000,0.450575,0.104743,6.750000
6.750000,1.000000,0.459505,0.109243,6.760000
6.760000,1.000000,0.468390,0.113832,6.770000
6.770000,1.000000,0.477228,0.118511,6.780000
6.780000,1.000000,0.486019,0.123277,6.790000
6.790000,1.000000,0.494762,0.128131,6.800000
6.800000,1.000000,0.503456,0.133072,6.810000
6.810000,1.000000,0.512100,0.138100,6.820000
6.820000,1.000000,0.520694,0.143214,6.830000
6.830000,1.000000,0.529236,0.148414,6.840000
6.840000,1.000000,0.537725,0.153698,6.850000
6.850000,1.000000,0.546161,0.159068,6.860000
6.860000,1.000000,0.554543,0.164521,6.870000
6.870000,1.000000,0.562870,0.170059,6.880000
6.880000,1.000000,0.571142,0.175679,6.890000
6.890000,1.000000,0.579356,0.181381,6.900000
6.900000,1.000000,0.587514,0.187166,6.910000
6.910000,1.000000,0.595613,0.193031,6.920000
6.920000,1.000000,0.603653,0.198978,6.930000
6.930000,1.000000,0.611633,0.205004,6.940000
6.940000,1.000000,0.619552,0.211110,6.950000
6.950000,1.000000,0.627410,0.217295,6.960000
6.960000,1.000000,0.635206,0.223558,6.970000
6.970000,1.000000,0.642938,0.229899,6.980000
6.980000,1.000000,0.650607,0.236317,6.990000
6.990000,1.000000,0.658212,0.242811,7.000000
7.000000,1.000000,0.665751,0.249381,7.010000
7.010000,1.000000,0.673224,0.256026,7.020000
7.020000,1.000000,0.680630,0.262745,7.030000
7.030000,1.000000,0.687968,0.269538,7.040000
7.040000,1.000000,0.695239,0.276404,7.050000
7.050000,1.000000,0.702440,0.283342,7.060000
7.060000,1.000000,0.709571,0.290353,7.070000
7.070000,1.000000,0.716632,0.297434,7.080000
7.080000,1.000000,0.723622,0.304585,7.090000
7.090000,1.000000,0.730540,0.311806,7.100000
7.100000,1.000000,0.737386,0.319096,7.110000
7.110000,1.000000,0.744158,0.326453,7.120000
7.120000,1.000000,0.750856,0.333878,7.130000
7.130000,1.000000,0.757480,0.341370,7.140000
7.140000,1.000000,0.764028,0.348928,7.150000
7.150000,1.000000,0.770501,0.356551,7.160000
7.160000,1.000000,0.776897,0.364238,7.170000
7.170000,1.000000,0.783216,0.371988,7.180000
7.180000,1.000000,0.789457,0.379802,7.190000
7.190000,1.000000,0.795619,0.387677,7.200000
7.200000,1.000000,0.801703,0.395614,7.210000
7.210000,1.000000,0.807707,0.403611,7.220000
7.220000,1.000000,0.813630,0.411668,7.230000
7.230000,1.000000,0.819473,0.419783,7.240000
7.240000,1.000000,0.825234,0.427957,7.250000
7.250000,1.000000,0.830914,0.436188,7.260000
7.260000,1.000000,0.836510,0.444475,7.270000
7.270000,1.000000,0.842024,0.452818,7.280000
7.280000,1.000000,0.847454,0.461215,7.290000
7.290000,1.000000,0.852799,0.469666,7.300000
7.300000,1.000000,0.858060,0.478171,7.310000
7.310000,1.000000,0.863235,0.486727,7.320000
7.320000,1.000000,0.868325,0.495335,7.330000
7.330000,1.000000,0.873328,0.503993,7.340000
7.340000,1.000000,0.878245,0.512701,7.350000
7.350000,1.000000,0.883074,0.521458,7.360000
7.360000,1.000000,0.887815,0.530263,7.370000
7.370000,1.000000,0.892468,0.539114,7.380000
7.380000,1.000000,0.897033,0.548012,7.390000
7.390000,1.000000,0.901508,0.556954,7.400000
7.400000,1.000000,0.905893,0.565942,7.410000
7.410000,1.000000,0.910189,0.574972,7.420000
7.420000,1.000000,0.914394,0.584045,7.430000
7.430000,1.000000,0.918508,0.593160,7.440000
7.440000,1.000000,0.922530,0.602315,7.450000
7.450000,1.000000,0.926461,0.611510,7.460000
7.460000,1.000000,0.930300,0.620744,7.470000
7.470000,1.000000,0.934046,0.630016,7.480000
7.480000,1.000000,0.937699,0.639324,7.490000
7.490000,1.000000,0.941259,0.648669,7.500000
7.500000,1.000000,0.944725,0.658049,7.510000
7.510000,1.000000,0.948098,0.667463,7.520000
7.520000,1.000000,0.951376,0.676911,7.530000
7.530000,1.000000,0.954559,0.686391,7.540000
7.540000,1.000000,0.957648,0.695902,7.550000
7.550000,1.000000,0.960641,0.705443,7.560000
7.560000,1.000000,0.963539,0.715014,7.570000
7.570000,1.000000,0.966340,0.724614,7.580000
7.580000,1.000000,0.969046,0.734241,7.590000
7.590000,1.000000,0.971655,0.743894,7.600000
7.600000,1.000000,0.974168,0.753574,7.610000
7.610000,1.000000,0.976584,0.763277,7.620000
7.620000,1.000000,0.978902,0.773005,7.630000
7.630000,1.000000,0.981123,0.782755,7.640000
7.640000,1.000000,0.983247,0.792527,7.650000
7.650000,1.000000,0.985272,0.802320,7.660000
7.660000,1.000000,0.987200,0.812132,7.670000
7.670000,1.000000,0.989030,0.821963,7.680000
7.680000,1.000000,0.990761,0.831812,7.690000
7.690000,1.000000,0.992393,0.841678,7.700000
7.700000,1.000000,0.993927,0.851560,7.710000
7.710000,1.000000,0.995362,0.861456,7.720000
7.720000,1.000000,0.996698,0.871367,7.730000
7.730000,1.000000,0.997934,0.881290,7.740000
7.740000,1.000000,0.999072,0.891225,7.750000
7.750000,1.000000,1.000109,0.901171,7.760000
7.760000,1.000000,1.001048,0.911127,7.770000
7.770000,1.000000,1.001887,0.921092,7.780000
7.780000,1.000000,1.002626,0.931064,7.790000
7.790000,1.000000,1.003265,0.941044,7.800000
7.800000,1.000000,1.003805,0.951029,7.810000
7.810000,1.000000,1.004244,0.961020,7.820000
7.820000,1.000000,1.004584,0.971014,7.830000
7.830000,1.000000,1.004824,0.981011,7.840000
7.840000,1.000000,1.004964,0.991010,7.850000
7.850000,1.000000,1.005004,1.001010,7.860000
7.860000,1.000000,1.004943,1.011010,7.870000
7.870000,1.000000,1.004783,1.021009,7.880000
7.880000,1.000000,1.004523,1.031005,7.890000
7.890000,1.000000,1.004163,1.040999,7.900000
7.900000,1.000000,1.003703,1.050988,7.910000
7.910000,1.000000,1.003143,1.060972,7.920000
7.920000,1.000000,1.002483,1.070951,7.930000
7.930000,1.000000,1.001724,1.080922,7.940000
7.940000,1.000000,1.000865,1.090885,7.950000
7.950000,1.000000,0.999906,1.100839,7.960000
7.960000,1.000000,0.998848,1.110783,7.970000
7.970000,1.000000,0.997690,1.120715,7.980000
7.980000,1.000000,0.996433,1.130636,7.990000
7.990000,1.000000,0.995078,1.140544,8.000000
8.000000,1.000000,0.993623,1.150437,8.010000
8.010000,1.000000,0.992069,1.160316,8.020000
8.020000,1.000000,0.990416,1.170178,8.030000
8.030000,1.000000,0.988665,1.180024,8.040000
8.040000,1.000000,0.986815,1.189851,8.050000
8.050000,1.000000,0.984868,1.199660,8.060000
8.060000,1.000000,0.982822,1.209448,8.070000
8.070000,1.000000,0.980679,1.219216,8.080000
8.080000,1.000000,0.978438,1.228962,8.090000
8.090000,1.000000,0.976099,1.238684,8.100000
8.100000,1.000000,0.973664,1.248383,8.110000
8.110000,1.000000,0.971132,1.258057,8.120000
8.120000,1.000000,0.968503,1.267706,8.130000
8.130000,1.000000,0.965778,1.277327,8.140000
8.140000,1.000000,0.962956,1.286921,8.150000
8.150000,1.000000,0.960039,1.296486,8.160000
8.160000,1.000000,0.957026,1.306021,8.170000
8.170000,1.000000,0.953919,1.315526,8.180000
8.180000,1.000000,0.950716,1.324999,8.190000
8.190000,1.000000,0.947418,1.334440,8.200000
8.200000,1.000000,0.944027,1.343847,8.210000
8.210000,1.000000,0.940541,1.353220,8.220000
8.220000,1.000000,0.936962,1.362558,8.230000
8.230000,1.000000,0.933290,1.371859,8.240000
8.240000,1.000000,0.929525,1.381123,8.250000
8.250000,1.000000,0.925668,1.390349,8.260000
8.260000,1.000000,0.921718,1.399536,8.270000
8.270000,1.000000,0.917677,1.408683,8.280000
8.280000,1.000000,0.913545,1.417790,8.290000
8.290000,1.000000,0.909321,1.426854,8.300000
8.300000,1.000000,0.905007,1.435876,8.310000
8.310000,1.000000,0.900604,1.444854,8.320000
8.320000,1.000000,0.896110,1.453788,8.330000
8.330000,1.000000,0.891528,1.462676,8.340000
8.340000,1.000000,0.886857,1.471518,8.350000
8.350000,1.000000,0.882098,1.480313,8.360000
8.360000,1.000000,0.877251,1.489059,8.370000
8.370000,1.000000,0.872316,1.497757,8.380000
8.380000,1.000000,0.867295,1.506406,8.390000
8.390000,1.000000,0.862188,1.515003,8.400000
8.400000,1.000000,0.856995,1.523549,8.410000
8.410000,1.000000,0.851717,1.532043,8.420000
8.420000,1.000000,0.846355,1.540483,8.430000
8.430000,1.000000,0.840908,1.548869,8.440000
8.440000,1.000000,0.835377,1.557201,8.450000
8.450000,1.000000,0.829764,1.565477,8.460000
8.460000,1.000000,0.824068,1.573696,8.470000
8.470000,1.000000,0.818290,1.581858,8.480000
8.480000,1.000000,0.812430,1.589961,8.490000
8.490000,1.000000,0.806491,1.598006,8.500000
8.500000,1.000000,0.800470,1.605991,8.510000
8.510000,1.000000,0.794371,1.613915,8.520000
8.520000,1.000000,0.788192,1.621778,8.530000
8.530000,1.000000,0.781935,1.629579,8.540000
8.540000,1.000000,0.775601,1.637317,8.550000
8.550000,1.000000,0.769189,1.644991,8.560000
8.560000,1.000000,0.762701,1.652600,8.570000
8.570000,1.000000,0.756137,1.660144,8.580000
8.580000,1.000000,0.749498,1.667623,8.590000
8.590000,1.000000,0.742785,1.675034,8.600000
8.600000,1.000000,0.735997,1.682378,8.610000
8.610000,1.000000,0.729137,1.689654,8.620000
8.620000,1.000000,0.722204,1.696861,8.630000
8.630000,1.000000,0.715200,1.703998,8.640000
8.640000,1.000000,0.708124,1.711064,8.650000
8.650000,1.000000,0.700979,1.718060,8.660000
8.660000,1.000000,0.693763,1.724984,8.670000
8.670000,1.000000,0.686479,1.731835,8.680000
8.680000,1.000000,0.679127,1.738613,8.690000
8.690000,1.000000,0.671707,1.745317,8.700000
8.700000,1.000000,0.664220,1.751947,8.710000
8.710000,1.000000,0.656668,1.758501,8.720000
8.720000,1.000000,0.649051,1.764980,8.730000
8.730000,1.000000,0.641369,1.771382,8.740000
8.740000,1.000000,0.633623,1.777707,8.750000
8.750000,1.000000,0.625815,1.783954,8.760000
8.760000,1.000000,0.617944,1.790123,8.770000
8.770000,1.000000,0.610012,1.796213,8.780000
8.780000,1.000000,0.602020,1.802223,8.790000
8.790000,1.000000,0.593968,1.808153,8.800000
8.800000,1.000000,0.585857,1.814003,8.810000
8.810000,1.000000,0.577688,1.819770,8.820000
8.820000,1.000000,0.569462,1.825456,8.830000
8.830000,1.000000,0.561179,1.831059,8.840000
8.840000,1.000000,0.552840,1.836579,8.850000
8.850000,1.000000,0.544447,1.842016,8.860000
8.860000,1.000000,0.536000,1.847368,8.870000
8.870000,1.000000,0.527500,1.852636,8.880000
8.880000,1.000000,0.518948,1.857818,8.890000
8.890000,1.000000,0.510344,1.862915,8.900000
8.900000,1.000000,0.501690,1.867925,8.910000
8.910000,1.000000,0.492985,1.872848,8.920000
8.920000,1.000000,0.484233,1.877684,8.930000
8.930000,1.000000,0.475432,1.882433,8.940000
8.940000,1.000000,0.466584,1.887093,8.950000
8.950000,1.000000,0.457690,1.891664,8.960000
8.960000,1.000000,0.448751,1.896146,8.970000
8.970000,1.000000,0.439767,1.900539,8.980000
8.980000,1.000000,0.430740,1.904842,8.990000
8.990000,1.000000,0.421671,1.909054,9.000000
9.000000,1.000000,0.412559,1.913175,9.010000
9.010000,1.000000,0.403407,1.917205,9.020000
9.020000,1.000000,0.394215,1.921143,9.030000
9.030000,1.000000,0.384985,1.924989,9.040000
9.040000,1.000000,0.375716,1.928743,9.050000
9.050000,1.000000,0.366410,1.932403,9.060000
9.060000,1.000000,0.357068,1.935971,9.070000
9.070000,1.000000,0.347691,1.939444,9.080000
9.080000,1.000000,0.338279,1.942824,9.090000
9.090000,1.000000,0.328834,1.946110,9.100000
9.100000,1.000000,0.319357,1.949301,9.110000
9.110000,1.000000,0.309848,1.952397,9.120000
9.120000,1.000000,0.300309,1.955398,9.130000
9.130000,1.000000,0.290741,1.958303,9.140000
9.140000,1.000000,0.281143,1.961112,9.150000
9.150000,1.000000,0.271519,1.963826,9.160000
9.160000,1.000000,0.261867,1.966443,9.170000
9.170000,1.000000,0.252190,1.968963,9.180000
9.180000,1.000000,0.242488,1.971386,9.190000
9.190000,1.000000,0.232762,1.973713,9.200000
9.200000,1.000000,0.223014,1.975942,9.210000
9.210000,1.000000,0.213244,1.978073,9.220000
9.220000,1.000000,0.203453,1.980106,9.230000
9.230000,1.000000,0.193642,1.982042,9.240000
9.240000,1.000000,0.183812,1.983879,9.250000
9.250000,1.000000,0.173964,1.985618,9.260000
9.260000,1.000000,0.164100,1.987258,9.270000
9.270000,1.000000,0.154219,1.988800,9.280000
9.280000,1.000000,0.144324,1.990243,9.290000
9.290000,1.000000,0.134415,1.991586,9.300000
9.300000,1.000000,0.124492,1.992831,9.310000
9.310000,1.000000,0.114558,1.993976,9.320000
9.320000,1.000000,0.104613,1.995022,9.330000
9.330000,1.000000,0.094658,1.995968,9.340000
9.340000,1.000000,0.084694,1.996815,9.350000
9.350000,1.000000,0.074722,1.997562,9.360000
9.360000,1.000000,0.064743,1.998210,9.370000
9.370000,1.000000,0.054758,1.998757,9.380000
9.380000,1.000000,0.044768,1.999205,9.390000
9.390000,1.000000,0.034774,1.999553,9.400000
9.400000,1.000000,0.024777,1.999800,9.410000
9.410000,1.000000,0.014778,1.999948,9.420000
9.420000,1.000000,0.004778,1.999996,9.430000
9.430000,1.000000,-0.005222,1.999944,9.440000
9.440000,1.000000,-0.015221,1.999791,9.450000
9.450000,1.000000,-0.025218,1.999539,9.460000
9.460000,1.000000,-0.035211,1.999187,9.470000
9.470000,1.000000,-0.045201,1.998735,9.480000
9.480000,1.000000,-0.055186,1.998183,9.490000
9.490000,1.000000,-0.065165,1.997531,9.500000
9.500000,1.000000,-0.075136,1.996780,9.510000
9.510000,1.000000,-0.085100,1.995929,9.520000
9.520000,1.000000,-0.095055,1.994978,9.530000
9.530000,1.000000,-0.104999,1.993928,9.540000
9.540000,1.000000,-0.114933,1.992778,9.550000
9.550000,1.000000,-0.124855,1.991529,9.560000
9.560000,1.000000,-0.134764,1.990181,9.570000
9.570000,1.000000,-0.144658,1.988734,9.580000
9.580000,1.000000,-0.154538,1.987188,9.590000
9.590000,1.000000,-0.164402,1.985543,9.600000
9.600000,1.000000,-0.174249,1.983800,9.610000
9.610000,1.000000,-0.184078,1.981958,9.620000
9.620000,1.000000,-0.193888,1.980018,9.630000
9.630000,1.000000,-0.203678,1.977980,9.640000
9.640000,1.000000,-0.213447,1.975845,9.650000
9.650000,1.000000,-0.223195,1.973611,9.660000
9.660000,1.000000,-0.232919,1.971281,9.670000
9.670000,1.000000,-0.242620,1.968853,9.680000
9.680000,1.000000,-0.252296,1.966329,9.690000
9.690000,1.000000,-0.261947,1.963707,9.700000
9.700000,1.000000,-0.271570,1.960990,9.710000
9.710000,1.000000,-0.281166,1.958176,9.720000
9.720000,1.000000,-0.290734,1.955266,9.730000
9.730000,1.000000,-0.300271,1.952261,9.740000
9.740000,1.000000,-0.309779,1.949161,9.750000
9.750000,1.000000,-0.319254,1.945966,9.760000
9.760000,1.000000,-0.328698,1.942676,9.770000
9.770000,1.000000,-0.338108,1.939292,9.780000
9.780000,1.000000,-0.347483,1.935814,9.790000
9.790000,1.000000,-0.356824,1.932243,9.800000
9.800000,1.000000,-0.366128,1.928578,9.810000
9.810000,1.000000,-0.375395,1.924820,9.820000
9.820000,1.000000,-0.384624,1.920970,9.830000
9.830000,1.000000,-0.393815,1.917028,9.840000
9.840000,1.000000,-0.402965,1.912994,9.850000
9.850000,1.000000,-0.412074,1.908869,9.860000
9.860000,1.000000,-0.421142,1.904653,9.870000
9.870000,1.000000,-0.430167,1.900346,9.880000
9.880000,1.000000,-0.439149,1.895949,9.890000
9.890000,1.000000,-0.448086,1.891463,9.900000
9.900000,1.000000,-0.456978,1.886888,9.910000
9.910000,1.000000,-0.465824,1.882224,9.920000
9.920000,1.000000,-0.474622,1.877471,9.930000
9.930000,1.000000,-0.483373,1.872631,9.940000
9.940000,1.000000,-0.492075,1.867704,9.950000
9.950000,1.000000,-0.500727,1.862690,9.960000
9.960000,1.000000,-0.509329,1.857590,9.970000
9.970000,1.000000,-0.517879,1.852404,9.980000
9.980000,1.000000,-0.526377,1.847132,9.990000
9.990000,1.000000,-0.534821,1.841776,10.000000
10.000000,1.000000,-0.543212,1.836336,10.010000
10.010000,-0.628319,-0.551548,1.830812,10.003717
10.020000,-0.628319,-0.559918,1.825341,9.997434
10.030000,-0.628319,-0.568323,1.819922,9.991150
10.040000,-0.628319,-0.576761,1.814556,9.984867
10.050000,-0.628319,-0.585234,1.809244,9.978584
10.060000,-0.628319,-0.593739,1.803985,9.972301
10.070000,-0.628319,-0.602277,1.798779,9.966018
10.080000,-0.628319,-0.610848,1.793627,9.959735
10.090000,-0.628319,-0.619451,1.788529,9.953451
10.100000,-0.628319,-0.628085,1.783485,9.947168
10.110000,-0.628319,-0.636752,1.778495,9.940885
10.120000,-0.628319,-0.645449,1.773560,9.934602
10.130000,-0.628319,-0.654177,1.768680,9.928319
10.140000,-0.628319,-0.662936,1.763855,9.922035
10.150000,-0.628319,-0.671725,1.759085,9.915752
10.160000,-0.628319,-0.680544,1.754370,9.909469
10.170000,-0.628319,-0.689392,1.749711,9.903186
10.180000,-0.628319,-0.698269,1.745107,9.896903
10.190000,-0.628319,-0.707175,1.740559,9.890619
10.200000,-0.628319,-0.716110,1.736067,9.884336
10.210000,-0.628319,-0.725072,1.731632,9.878053
10.220000,-0.628319,-0.734063,1.727253,9.871770
10.230000,-0.628319,-0.743080,1.722930,9.865487
10.240000,-0.628319,-0.752125,1.718664,9.859204
10.250000,-0.628319,-0.761196,1.714455,9.852920
10.260000,-0.628319,-0.770293,1.710304,9.846637
10.270000,-0.628319,-0.779416,1.706209,9.840354
10.280000,-0.628319,-0.788565,1.702172,9.834071
10.290000,-0.628319,-0.797739,1.698192,9.827788
10.300000,-0.628319,-0.806938,1.694270,9.821504
10.310000,-0.628319,-0.816161,1.690406,9.815221
10.320000,-0.628319,-0.825409,1.686600,9.808938
10.330000,-0.628319,-0.834680,1.682853,9.802655
10.340000,-0.628319,-0.843974,1.679163,9.796372
10.350000,-0.628319,-0.853292,1.675532,9.790089
10.360000,-0.628319,-0.862632,1.671960,9.783805
10.370000,-0.628319,-0.871994,1.668446,9.777522
10.380000,-0.628319,-0.881379,1.664991,9.771239
10.390000,-0.628319,-0.890784,1.661596,9.764956
10.400000,-0.628319,-0.900211,1.658259,9.758673
10.410000,-0.628319,-0.909659,1.654982,9.752389
10.420000,-0.628319,-0.919127,1.651764,9.746106
10.430000,-0.628319,-0.928615,1.648606,9.739823
10.440000,-0.628319,-0.938123,1.645507,9.733540
10.450000,-0.628319,-0.947650,1.642468,9.727257
10.460000,-0.628319,-0.957196,1.639489,9.720973
10.470000,-0.628319,-0.966761,1.636571,9.714690
10.480000,-0.628319,-0.976344,1.633712,9.708407
10.490000,-0.628319,-0.985944,1.630914,9.702124
10.500000,-0.628319,-0.995562,1.628175,9.695841
10.510000,-0.628319,-1.005197,1.625498,9.689558
10.520000,-0.628319,-1.014848,1.622881,9.683274
10.530000,-0.628319,-1.024516,1.620325,9.676991
10.540000,-0.628319,-1.034200,1.617829,9.670708
10.550000,-0.628319,-1.043899,1.615395,9.664425
10.560000,-0.628319,-1.053613,1.613021,9.658142
10.570000,-0.628319,-1.063342,1.610709,9.651858
10.580000,-0.628319,-1.073085,1.608457,9.645575
10.590000,-0.628319,-1.082842,1.606267,9.639292
10.600000,-0.628319,-1.092613,1.604138,9.633009
10.610000,-0.628319,-1.102397,1.602071,9.626726
10.620000,-0.628319,-1.112194,1.600065,9.620443
10.630000,-0.628319,-1.122003,1.598121,9.614159
10.640000,-0.628319,-1.131824,1.596239,9.607876
10.650000,-0.628319,-1.141657,1.594418,9.601593
10.660000,-0.628319,-1.151501,1.592659,9.595310
10.670000,-0.628319,-1.161356,1.590962,9.589027
10.680000,-0.628319,-1.171222,1.589327,9.582743
10.690000,-0.628319,-1.181097,1.587754,9.576460
10.700000,-0.628319,-1.190982,1.586243,9.570177
10.710000,-0.628319,-1.200877,1.584794,9.563894
10.720000,-0.628319,-1.210780,1.583407,9.557611
10.730000,-0.628319,-1.220692,1.582083,9.551327
10.740000,-0.628319,-1.230612,1.580820,9.545044
10.750000,-0.628319,-1.240540,1.579621,9.538761
10.760000,-0.628319,-1.250475,1.578483,9.532478
10.770000,-0.628319,-1.260417,1.577408,9.526195
10.780000,-0.628319,-1.270366,1.576396,9.519912
10.790000,-0.628319,-1.280321,1.575446,9.513628
10.800000,-0.628319,-1.290281,1.574559,9.507345
10.810000,-0.628319,-1.300247,1.573734,9.501062
10.820000,-0.628319,-1.310218,1.572972,9.494779
10.830000,-0.628319,-1.320193,1.572273,9.488496
10.840000,-0.628319,-1.330173,1.571636,9.482212
10.850000,-0.628319,-1.340157,1.571062,9.475929
10.860000,-0.628319,-1.350144,1.570550,9.469646
10.870000,-0.628319,-1.360134,1.570102,9.463363
10.880000,-0.628319,-1.370126,1.569716,9.457080
10.890000,-0.628319,-1.380121,1.569393,9.450797
10.900000,-0.628319,-1.390118,1.569133,9.444513
10.910000,-0.628319,-1.400116,1.568936,9.438230
10.920000,-0.628319,-1.410115,1.568801,9.431947
10.930000,-0.628319,-1.420114,1.568729,9.425664
10.940000,-0.628319,-1.430114,1.568721,9.419381
10.950000,-0.628319,-1.440114,1.568775,9.413097
10.960000,-0.628319,-1.450114,1.568891,9.406814
10.970000,-0.628319,-1.460112,1.569071,9.400531
10.980000,-0.628319,-1.470109,1.569313,9.394248
10.990000,-0.628319,-1.480104,1.569619,9.387965
11.000000,-0.628319,-1.490098,1.569987,9.381681
11.010000,-0.628319,-1.500088,1.570418,9.375398
11.020000,-0.628319,-1.510076,1.570911,9.369115
11.030000,-0.628319,-1.520061,1.571468,9.362832
11.040000,-0.628319,-1.530041,1.572087,9.356549
11.050000,-0.628319,-1.540018,1.572768,9.350266
11.060000,-0.628319,-1.549990,1.573513,9.343982
11.070000,-0.628319,-1.559958,1.574320,9.337699
11.080000,-0.628319,-1.569920,1.575190,9.331416
11.090000,-0.628319,-1.579876,1.576122,9.325133
11.100000,-0.628319,-1.589827,1.577117,9.318850
11.110000,-0.628319,-1.599771,1.578174,9.312566
11.120000,-0.628319,-1.609708,1.579294,9.306283
11.130000,-0.628319,-1.619638,1.580476,9.300000
11.140000,-0.628319,-1.629560,1.581720,9.293717
11.150000,-0.628319,-1.639474,1.583027,9.287434
11.160000,-0.628319,-1.649380,1.584396,9.281151
11.170000,-0.628319,-1.659277,1.585828,9.274867
11.180000,-0.628319,-1.669165,1.587321,9.268584
11.190000,-0.628319,-1.679043,1.588877,9.262301
11.200000,-0.628319,-1.688911,1.590494,9.256018
11.210000,-0.628319,-1.698769,1.592174,9.249735
11.220000,-0.628319,-1.708617,1.593916,9.243451
11.230000,-0.628319,-1.718453,1.595719,9.237168
11.240000,-0.628319,-1.728277,1.597584,9.230885
11.250000,-0.628319,-1.738090,1.599511,9.224602
11.260000,-0.628319,-1.747890,1.601499,9.218319
11.270000,-0.628319,-1.757678,1.603549,9.212035
11.280000,-0.628319,-1.767452,1.605661,9.205752
11.290000,-0.628319,-1.777213,1.607833,9.199469
11.300000,-0.628319,-1.786961,1.610068,9.193186
11.310000,-0.628319,-1.796694,1.612363,9.186903
11.320000,-0.628319,-1.806412,1.614719,9.180620
11.330000,-0.628319,-1.816115,1.617137,9.174336
11.340000,-0.628319,-1.825804,1.619615,9.168053
11.350000,-0.628319,-1.835476,1.622154,9.161770
11.360000,-0.628319,-1.845132,1.624754,9.155487
11.370000,-0.628319,-1.854771,1.627414,9.149204
11.380000,-0.628319,-1.864394,1.630135,9.142920
11.390000,-0.628319,-1.874000,1.632917,9.136637
11.400000,-0.628319,-1.883587,1.635758,9.130354
11.410000,-0.628319,-1.893157,1.638660,9.124071
11.420000,-0.628319,-1.902708,1.641622,9.117788
11.430000,-0.628319,-1.912241,1.644644,9.111505
11.440000,-0.628319,-1.921754,1.647726,9.105221
11.450000,-0.628319,-1.931248,1.650867,9.098938
11.460000,-0.628319,-1.940722,1.654068,9.092655
11.470000,-0.628319,-1.950175,1.657329,9.086372
11.480000,-0.628319,-1.959608,1.660649,9.080089
11.490000,-0.628319,-1.969020,1.664028,9.073805
11.500000,-0.628319,-1.978410,1.667466,9.067522
11.510000,-0.628319,-1.987779,1.670963,9.061239
11.520000,-0.628319,-1.997125,1.674519,9.054956
11.530000,-0.628319,-2.006449,1.678133,9.048673
11.540000,-0.628319,-2.015750,1.681806,9.042389
11.550000,-0.628319,-2.025028,1.685538,9.036106
11.560000,-0.628319,-2.034282,1.689327,9.029823
11.570000,-0.628319,-2.043512,1.693175,9.023540
11.580000,-0.628319,-2.052718,1.697081,9.017257
11.590000,-0.628319,-2.061899,1.701044,9.010974
11.600000,-0.628319,-2.071055,1.705065,9.004690
11.610000,-0.628319,-2.080186,1.709143,8.998407
11.620000,-0.628319,-2.089290,1.713279,8.992124
11.630000,-0.628319,-2.098369,1.717472,8.985841
11.640000,-0.628319,-2.107421,1.721722,8.979558
11.650000,-0.628319,-2.116446,1.726028,8.973274
11.660000,-0.628319,-2.125444,1.730391,8.966991
11.670000,-0.628319,-2.134414,1.734811,8.960708
11.680000,-0.628319,-2.143357,1.739287,8.954425
11.690000,-0.628319,-2.152271,1.743819,8.948142
11.700000,-0.628319,-2.161156,1.748407,8.941858
11.710000,-0.628319,-2.170013,1.753050,8.935575
11.720000,-0.628319,-2.178840,1.757750,8.929292
11.730000,-0.628319,-2.187637,1.762504,8.923009
11.740000,-0.628319,-2.196404,1.767314,8.916726
11.750000,-0.628319,-2.205141,1.772179,8.910443
11.760000,-0.628319,-2.213848,1.777098,8.904159
11.770000,-0.628319,-2.222523,1.782073,8.897876
11.780000,-0.628319,-2.231166,1.787101,8.891593
11.790000,-0.628319,-2.239778,1.792184,8.885310
11.800000,-0.628319,-2.248358,1.797321,8.879027
11.810000,-0.628319,-2.256905,1.802511,8.872743
11.820000,-0.628319,-2.265420,1.807756,8.866460
11.830000,-0.628319,-2.273902,1.813053,8.860177
11.840000,-0.628319,-2.282350,1.818404,8.853894
11.850000,-0.628319,-2.290764,1.823808,8.847611
11.860000,-0.628319,-2.299144,1.829264,8.841328
11.870000,-0.628319,-2.307490,1.834773,8.835044
11.880000,-0.628319,-2.315800,1.840335,8.828761
11.890000,-0.628319,-2.324076,1.845948,8.822478
11.900000,-0.628319,-2.332317,1.851614,8.816195
11.910000,-0.628319,-2.340521,1.857331,8.809912
11.920000,-0.628319,-2.348690,1.863099,8.803628
11.930000,-0.628319,-2.356822,1.868919,8.797345
11.940000,-0.628319,-2.364917,1.874790,8.791062
11.950000,-0.628319,-2.372976,1.880711,8.784779
11.960000,-0.628319,-2.380996,1.886683,8.778496
11.970000,-0.628319,-2.388980,1.892705,8.772212
11.980000,-0.628319,-2.396925,1.898777,8.765929
11.990000,-0.628319,-2.404832,1.904899,8.759646
12.000000,-0.628319,-2.412700,1.911071,8.753363
12.010000,-0.628319,-2.420530,1.917292,8.747080
12.020000,-0.628319,-2.428320,1.923562,8.740797
12.030000,-0.628319,-2.436071,1.929881,8.734513
12.040000,-0.628319,-2.443781,1.936248,8.728230
12.050000,-0.628319,-2.451452,1.942664,8.721947
12.060000,-0.628319,-2.459082,1.949128,8.715664
12.070000,-0.628319,-2.466672,1.955639,8.709381
12.080000,-0.628319,-2.474220,1.962199,8.703097
12.090000,-0.628319,-2.481727,1.968805,8.696814
12.100000,-0.628319,-2.489192,1.975459,8.690531
12.110000,-0.628319,-2.496615,1.982159,8.684248
12.120000,-0.628319,-2.503997,1.988906,8.677965
12.130000,-0.628319,-2.511335,1.995699,8.671682
12.140000,-0.628319,-2.518631,2.002538,8.665398
12.150000,-0.628319,-2.525884,2.009422,8.659115
12.160000,-0.628319,-2.533093,2.016353,8.652832
12.170000,-0.628319,-2.540258,2.023328,8.646549
12.180000,-0.628319,-2.547380,2.030348,8.640266
12.190000,-0.628319,-2.554457,2.037413,8.633982
12.200000,-0.628319,-2.561490,2.044522,8.627699
12.210000,-0.628319,-2.568478,2.051675,8.621416
12.220000,-0.628319,-2.575421,2.058872,8.615133
12.230000,-0.628319,-2.582318,2.066113,8.608850
12.240000,-0.628319,-2.589170,2.073396,8.602566
12.250000,-0.628319,-2.595976,2.080723,8.596283
12.260000,-0.628319,-2.602736,2.088092,8.590000
12.270000,-0.628319,-2.609450,2.095503,8.583717
12.280000,-0.628319,-2.616116,2.102957,8.577434
12.290000,-0.628319,-2.622736,2.110452,8.571151
12.300000,-0.628319,-2.629309,2.117989,8.564867
12.310000,-0.628319,-2.635834,2.125567,8.558584
12.320000,-0.628319,-2.642311,2.133185,8.552301
12.330000,-0.628319,-2.648740,2.140845,8.546018
12.340000,-0.628319,-2.655121,2.148544,8.539735
12.350000,-0.628319,-2.661454,2.156283,8.533451
12.360000,-0.628319,-2.667738,2.164063,8.527168
12.370000,-0.628319,-2.673973,2.171881,8.520885
12.380000,-0.628319,-2.680158,2.179738,8.514602
12.390000,-0.628319,-2.686294,2.187634,8.508319
12.400000,-0.628319,-2.692381,2.195569,8.502036
12.410000,-0.628319,-2.698417,2.203542,8.495752
12.420000,-0.628319,-2.704403,2.211552,8.489469
12.430000,-0.628319,-2.710339,2.219600,8.483186
12.440000,-0.628319,-2.716224,2.227685,8.476903
12.450000,-0.628319,-2.722058,2.235807,8.470620
12.460000,-0.628319,-2.727841,2.243965,8.464336
12.470000,-0.628319,-2.733572,2.252159,8.458053
12.480000,-0.628319,-2.739252,2.260390,8.451770
12.490000,-0.628319,-2.744881,2.268655,8.445487
12.500000,-0.628319,-2.750457,2.276956,8.439204
12.510000,-0.628319,-2.755981,2.285292,8.432920
12.520000,-0.628319,-2.761452,2.293663,8.426637
12.530000,-0.628319,-2.766871,2.302067,8.420354
12.540000,-0.628319,-2.772236,2.310506,8.414071
12.550000,-0.628319,-2.777549,2.318978,8.407788
12.560000,-0.628319,-2.782808,2.327483,8.401505
12.570000,-0.628319,-2.788014,2.336021,8.395221
12.580000,-0.628319,-2.793166,2.344592,8.388938
12.590000,-0.628319,-2.798264,2.353195,8.382655
12.600000,-0.628319,-2.803308,2.361830,8.376372
12.610000,-0.628319,-2.808297,2.370496,8.370089
12.620000,-0.628319,-2.813232,2.379194,8.363805
12.630000,-0.628319,-2.818113,2.387922,8.357522
12.640000,-0.628319,-2.822938,2.396681,8.351239
12.650000,-0.628319,-2.827708,2.405470,8.344956
12.660000,-0.628319,-2.832423,2.414288,8.338673
12.670000,-0.628319,-2.837082,2.423137,8.332390
12.680000,-0.628319,-2.841686,2.432014,8.326106
12.690000,-0.628319,-2.846234,2.440920,8.319823
12.700000,-0.628319,-2.850726,2.449854,8.313540
12.710000,-0.628319,-2.855161,2.458817,8.307257
12.720000,-0.628319,-2.859540,2.467807,8.300974
12.730000,-0.628319,-2.863863,2.476824,8.294690
12.740000,-0.628319,-2.868129,2.485869,8.288407
12.750000,-0.628319,-2.872337,2.494940,8.282124
12.760000,-0.628319,-2.876489,2.504037,8.275841
12.770000,-0.628319,-2.880584,2.513161,8.269558
12.780000,-0.628319,-2.884621,2.522310,8.263274
12.790000,-0.628319,-2.888601,2.531484,8.256991
12.800000,-0.628319,-2.892522,2.540682,8.250708
12.810000,-0.628319,-2.896386,2.549906,8.244425
12.820000,-0.628319,-2.900192,2.559153,8.238142
12.830000,-0.628319,-2.903940,2.568424,8.231859
12.840000,-0.628319,-2.907630,2.577719,8.225575
12.850000,-0.628319,-2.911261,2.587036,8.219292
12.860000,-0.628319,-2.914833,2.596376,8.213009
12.870000,-0.628319,-2.918347,2.605739,8.206726
12.880000,-0.628319,-2.921802,2.615123,8.200443
12.890000,-0.628319,-2.925197,2.624529,8.194159
12.900000,-0.628319,-2.928534,2.633956,8.187876
12.910000,-0.628319,-2.931811,2.643404,8.181593
12.920000,-0.628319,-2.935029,2.652872,8.175310
12.930000,-0.628319,-2.938187,2.662360,8.169027
12.940000,-0.628319,-2.941286,2.671868,8.162744
12.950000,-0.628319,-2.944325,2.681395,8.156460
12.960000,-0.628319,-2.947303,2.690941,8.150177
12.970000,-0.628319,-2.950222,2.700505,8.143894
12.980000,-0.628319,-2.953081,2.710088,8.137611
12.990000,-0.628319,-2.955879,2.719689,8.131328
13.000000,-0.628319,-2.958617,2.729306,8.125044
13.010000,-0.628319,-2.961295,2.738941,8.118761
13.020000,-0.628319,-2.963912,2.748593,8.112478
13.030000,-0.628319,-2.966468,2.758261,8.106195
13.040000,-0.628319,-2.968964,2.767944,8.099912
13.050000,-0.628319,-2.971398,2.777643,8.093628
13.060000,-0.628319,-2.973772,2.787357,8.087345
13.070000,-0.628319,-2.976084,2.797086,8.081062
13.080000,-0.628319,-2.978336,2.806830,8.074779
13.090000,-0.628319,-2.980526,2.816587,8.068496
13.100000,-0.628319,-2.982654,2.826358,8.062213
13.110000,-0.628319,-2.984722,2.836142,8.055929
13.120000,-0.628319,-2.986728,2.845938,8.049646
13.130000,-0.628319,-2.988672,2.855748,8.043363
13.140000,-0.628319,-2.990554,2.865569,8.037080
13.150000,-0.628319,-2.992375,2.875402,8.030797
13.160000,-0.628319,-2.994134,2.885246,8.024513
13.170000,-0.628319,-2.995831,2.895101,8.018230
13.180000,-0.628319,-2.997466,2.904966,8.011947
13.190000,-0.628319,-2.999039,2.914842,8.005664
13.200000,-0.628319,-3.000550,2.924727,7.999381
13.210000,-0.628319,-3.001999,2.934621,7.993098
13.220000,-0.628319,-3.003386,2.944525,7.986814
13.230000,-0.628319,-3.004710,2.954437,7.980531
13.240000,-0.628319,-3.005972,2.964357,7.974248
13.250000,-0.628319,-3.007172,2.974284,7.967965
13.260000,-0.628319,-3.008309,2.984220,7.961682
13.270000,-0.628319,-3.009384,2.994162,7.955398
13.280000,-0.628319,-3.010397,3.004110,7.949115
13.290000,-0.628319,-3.011347,3.014065,7.942832
13.300000,-0.628319,-3.012234,3.024026,7.936549
13.310000,-0.628319,-3.013059,3.033991,7.930266
13.320000,-0.628319,-3.013821,3.043962,7.923982
13.330000,-0.628319,-3.014520,3.053938,7.917699
13.340000,-0.628319,-3.015157,3.063918,7.911416
13.350000,-0.628319,-3.015731,3.073901,7.905133
13.360000,-0.628319,-3.016242,3.083888,7.898850
13.370000,-0.628319,-3.016691,3.093878,7.892567
13.380000,-0.628319,-3.017077,3.103871,7.886283
13.390000,-0.628319,-3.017400,3.113865,7.880000
13.400000,-0.628319,-3.017660,3.123862,7.873717
13.410000,-0.628319,-3.017857,3.133860,7.867434
13.420000,-0.628319,-3.017992,3.143859,7.861151
13.430000,-0.628319,-3.018063,3.153859,7.854867
13.440000,-0.628319,-3.018072,3.163859,7.848584
13.450000,-0.628319,-3.018018,3.173859,7.842301
13.460000,-0.628319,-3.017901,3.183858,7.836018
13.470000,-0.628319,-3.017722,3.193856,7.829735
13.480000,-0.628319,-3.017479,3.203853,7.823452
13.490000,-0.628319,-3.017174,3.213849,7.817168
13.500000,-0.628319,-3.016806,3.223842,7.810885
13.510000,-0.628319,-3.016375,3.233833,7.804602
13.520000,-0.628319,-3.015882,3.243821,7.798319
13.530000,-0.628319,-3.015325,3.253805,7.792036
13.540000,-0.628319,-3.014706,3.263786,7.785752
13.550000,-0.628319,-3.014024,3.273763,7.779469
13.560000,-0.628319,-3.013280,3.283735,7.773186
13.570000,-0.628319,-3.012473,3.293702,7.766903
13.580000,-0.628319,-3.011603,3.303664,7.760620
13.590000,-0.628319,-3.010671,3.313621,7.754336
13.600000,-0.628319,-3.009676,3.323571,7.748053
13.610000,-0.628319,-3.008619,3.333515,7.741770
13.620000,-0.628319,-3.007499,3.343452,7.735487
13.630000,-0.628319,-3.006317,3.353382,7.729204
13.640000,-0.628319,-3.005072,3.363304,7.722921
13.650000,-0.628319,-3.003766,3.373219,7.716637
13.660000,-0.628319,-3.002396,3.383124,7.710354
13.670000,-0.628319,-3.000965,3.393021,7.704071
13.680000,-0.628319,-2.999472,3.402909,7.697788
13.690000,-0.628319,-2.997916,3.412788,7.691505
13.700000,-0.628319,-2.996298,3.422656,7.685221
13.710000,-0.628319,-2.994619,3.432514,7.678938
13.720000,-0.628319,-2.992877,3.442361,7.672655
13.730000,-0.628319,-2.991074,3.452197,7.666372
13.740000,-0.628319,-2.989209,3.462022,7.660089
13.750000,-0.628319,-2.987282,3.471834,7.653806
13.760000,-0.628319,-2.985294,3.481635,7.647522
13.770000,-0.628319,-2.983244,3.491422,7.641239
13.780000,-0.628319,-2.981132,3.501197,7.634956
13.790000,-0.628319,-2.978959,3.510958,7.628673
13.800000,-0.628319,-2.976725,3.520705,7.622390
13.810000,-0.628319,-2.974430,3.530438,7.616106
13.820000,-0.628319,-2.972074,3.540156,7.609823
13.830000,-0.628319,-2.969656,3.549860,7.603540
13.840000,-0.628319,-2.967178,3.559548,7.597257
13.850000,-0.628319,-2.964639,3.569220,7.590974
13.860000,-0.628319,-2.962039,3.578876,7.584690
13.870000,-0.628319,-2.959378,3.588516,7.578407
13.880000,-0.628319,-2.956657,3.598139,7.572124
13.890000,-0.628319,-2.953876,3.607744,7.565841
13.900000,-0.628319,-2.951034,3.617332,7.559558
13.910000,-0.628319,-2.948132,3.626901,7.553275
13.920000,-0.628319,-2.945171,3.636453,7.546991
13.930000,-0.628319,-2.942149,3.645985,7.540708
13.940000,-0.628319,-2.939067,3.655498,7.534425
13.950000,-0.628319,-2.935925,3.664992,7.528142
13.960000,-0.628319,-2.932724,3.674466,7.521859
13.970000,-0.628319,-2.929464,3.683920,7.515575
13.980000,-0.628319,-2.926144,3.693352,7.509292
13.990000,-0.628319,-2.922765,3.702764,7.503009
14.000000,-0.628319,-2.919327,3.712155,7.496726
14.010000,-0.628319,-2.915830,3.721523,7.490443
14.020000,-0.628319,-2.912274,3.730870,7.484160
14.030000,-0.628319,-2.908659,3.740194,7.477876
14.040000,-0.628319,-2.904986,3.749495,7.471593
14.050000,-0.628319,-2.901255,3.758772,7.465310
14.060000,-0.628319,-2.897465,3.768027,7.459027
14.070000,-0.628319,-2.893618,3.777257,7.452744
14.080000,-0.628319,-2.889712,3.786462,7.446460
14.090000,-0.628319,-2.885749,3.795643,7.440177
14.100000,-0.628319,-2.881728,3.804799,7.433894
14.110000,-0.628319,-2.877650,3.813930,7.427611
14.120000,-0.628319,-2.873514,3.823035,7.421328
14.130000,-0.628319,-2.869321,3.832113,7.415044
14.140000,-0.628319,-2.865071,3.841165,7.408761
14.150000,-0.628319,-2.860765,3.850190,7.402478
14.160000,-0.628319,-2.856401,3.859188,7.396195
14.170000,-0.628319,-2.851982,3.868159,7.389912
14.180000,-0.628319,-2.847506,3.877101,7.383629
14.190000,-0.628319,-2.842974,3.886015,7.377345
14.200000,-0.628319,-2.838386,3.894901,7.371062
14.210000,-0.628319,-2.833742,3.903757,7.364779
14.220000,-0.628319,-2.829043,3.912584,7.358496
14.230000,-0.628319,-2.824289,3.921382,7.352213
14.240000,-0.628319,-2.819479,3.930149,7.345929
14.250000,-0.628319,-2.814614,3.938886,7.339646
14.260000,-0.628319,-2.809694,3.947592,7.333363
14.270000,-0.628319,-2.804720,3.956267,7.327080
14.280000,-0.628319,-2.799692,3.964911,7.320797
14.290000,-0.628319,-2.794609,3.973523,7.314514
14.300000,-0.628319,-2.789472,3.982103,7.308230
14.310000,-0.628319,-2.784281,3.990650,7.301947
14.320000,-0.628319,-2.779037,3.999165,7.295664
14.330000,-0.628319,-2.773740,4.007646,7.289381
14.340000,-0.628319,-2.768389,4.016094,7.283098
14.350000,-0.628319,-2.762985,4.024508,7.276814
14.360000,-0.628319,-2.757529,4.032888,7.270531
14.370000,-0.628319,-2.752020,4.041234,7.264248
14.380000,-0.628319,-2.746458,4.049545,7.257965
14.390000,-0.628319,-2.740845,4.057821,7.251682
14.400000,-0.628319,-2.735179,4.066061,7.245398
14.410000,-0.628319,-2.729462,4.074266,7.239115
14.420000,-0.628319,-2.723694,4.082434,7.232832
14.430000,-0.628319,-2.717874,4.090566,7.226549
14.440000,-0.628319,-2.712003,4.098662,7.220266
14.450000,-0.628319,-2.706082,4.106720,7.213983
14.460000,-0.628319,-2.700110,4.114741,7.207699
14.470000,-0.628319,-2.694088,4.122724,7.201416
14.480000,-0.628319,-2.688015,4.130669,7.195133
14.490000,-0.628319,-2.681893,4.138576,7.188850
14.500000,-0.628319,-2.675722,4.146445,7.182567
14.510000,-0.628319,-2.669501,4.154274,7.176283
14.520000,-0.628319,-2.663231,4.162064,7.170000
14.530000,-0.628319,-2.656912,4.169815,7.163717
14.540000,-0.628319,-2.650545,4.177526,7.157434
14.550000,-0.628319,-2.644129,4.185196,7.151151
14.560000,-0.628319,-2.637665,4.192827,7.144867
14.570000,-0.628319,-2.631153,4.200416,7.138584
14.580000,-0.628319,-2.624594,4.207964,7.132301
14.590000,-0.628319,-2.617988,4.215471,7.126018
14.600000,-0.628319,-2.611334,4.222937,7.119735
14.610000,-0.628319,-2.604634,4.230360,7.113452
14.620000,-0.628319,-2.597887,4.237741,7.107168
14.630000,-0.628319,-2.591094,4.245080,7.100885
14.640000,-0.628319,-2.584255,4.252375,7.094602
14.650000,-0.628319,-2.577370,4.259628,7.088319
14.660000,-0.628319,-2.570440,4.266837,7.082036
14.670000,-0.628319,-2.563465,4.274003,7.075752
14.680000,-0.628319,-2.556445,4.281124,7.069469
14.690000,-0.628319,-2.549380,4.288202,7.063186
14.700000,-0.628319,-2.542271,4.295234,7.056903
14.710000,-0.628319,-2.535118,4.302222,7.050620
14.720000,-0.628319,-2.527921,4.309165,7.044337
14.730000,-0.628319,-2.520680,4.316063,7.038053
14.740000,-0.628319,-2.513397,4.322915,7.031770
14.750000,-0.628319,-2.506070,4.329721,7.025487
14.760000,-0.628319,-2.498701,4.336481,7.019204
14.770000,-0.628319,-2.491289,4.343194,7.012921
14.780000,-0.628319,-2.483836,4.349861,7.006637
14.790000,-0.628319,-2.476341,4.356481,7.000354
14.800000,-0.628319,-2.468804,4.363053,6.994071
14.810000,-0.628319,-2.461226,4.369578,6.987788
14.820000,-0.628319,-2.453608,4.376056,6.981505
14.830000,-0.628319,-2.445948,4.382485,6.975221
14.840000,-0.628319,-2.438249,4.388866,6.968938
14.850000,-0.628319,-2.430509,4.395198,6.962655
14.860000,-0.628319,-2.422730,4.401482,6.956372
14.870000,-0.628319,-2.414912,4.407717,6.950089
14.880000,-0.628319,-2.407055,4.413903,6.943806
14.890000,-0.628319,-2.399158,4.420039,6.937522
14.900000,-0.628319,-2.391224,4.426125,6.931239
14.910000,-0.628319,-2.383251,4.432161,6.924956
14.920000,-0.628319,-2.375241,4.438148,6.918673
14.930000,-0.628319,-2.367193,4.444083,6.912390
14.940000,-0.628319,-2.359108,4.449968,6.906106
14.950000,-0.628319,-2.350986,4.455802,6.899823
14.960000,-0.628319,-2.342828,4.461585,6.893540
14.970000,-0.628319,-2.334634,4.467317,6.887257
14.980000,-0.628319,-2.326403,4.472997,6.880974
14.990000,-0.628319,-2.318137,4.478625,6.874691
15.000000,-0.628319,-2.309836,4.484201,6.868407
15.010000,-0.628319,-2.301501,4.489725,6.862124
15.020000,-0.628319,-2.293130,4.495196,6.855841
15.030000,-0.628319,-2.284725,4.500615,6.849558
15.040000,-0.628319,-2.276287,4.505981,6.843275
15.050000,-0.628319,-2.267815,4.511293,6.836991
15.060000,-0.628319,-2.259310,4.516553,6.830708
15.070000,-0.628319,-2.250771,4.521758,6.824425
15.080000,-0.628319,-2.242201,4.526910,6.818142
15.090000,-0.628319,-2.233598,4.532008,6.811859
15.100000,-0.628319,-2.224963,4.537052,6.805575
15.110000,-0.628319,-2.216297,4.542042,6.799292
15.120000,-0.628319,-2.207599,4.546977,6.793009
15.130000,-0.628319,-2.198871,4.551857,6.786726
15.140000,-0.628319,-2.190112,4.556682,6.780443
15.150000,-0.628319,-2.181323,4.561453,6.774160
15.160000,-0.628319,-2.172505,4.566167,6.767876
15.170000,-0.628319,-2.163656,4.570827,6.761593
15.180000,-0.628319,-2.154779,4.575430,6.755310
15.190000,-0.628319,-2.145873,4.579978,6.749027
15.200000,-0.628319,-2.136939,4.584470,6.742744
15.210000,-0.628319,-2.127976,4.588905,6.736460
15.220000,-0.628319,-2.118986,4.593285,6.730177
15.230000,-0.628319,-2.109968,4.597607,6.723894
15.240000,-0.628319,-2.100924,4.601873,6.717611
15.250000,-0.628319,-2.091853,4.606082,6.711328
15.260000,-0.628319,-2.082755,4.610234,6.705045
15.270000,-0.628319,-2.073632,4.614328,6.698761
15.280000,-0.628319,-2.064483,4.618365,6.692478
15.290000,-0.628319,-2.055309,4.622345,6.686195
15.300000,-0.628319,-2.046110,4.626267,6.679912
15.310000,-0.628319,-2.036887,4.630131,6.673629
15.320000,-0.628319,-2.027640,4.633937,6.667345
15.330000,-0.628319,-2.018369,4.637685,6.661062
15.340000,-0.628319,-2.009074,4.641374,6.654779
15.350000,-0.628319,-1.999757,4.645005,6.648496
15.360000,-0.628319,-1.990416,4.648578,6.642213
15.370000,-0.628319,-1.981054,4.652091,6.635929
15.380000,-0.628319,-1.971670,4.655546,6.629646
15.390000,-0.628319,-1.962264,4.658942,6.623363
15.400000,-0.628319,-1.952837,4.662278,6.617080
15.410000,-0.628319,-1.943389,4.665555,6.610797
15.420000,-0.628319,-1.933921,4.668773,6.604514
15.430000,-0.628319,-1.924433,4.671932,6.598230
15.440000,-0.628319,-1.914925,4.675030,6.591947
15.450000,-0.628319,-1.905398,4.678069,6.585664
15.460000,-0.628319,-1.895852,4.681048,6.579381
15.470000,-0.628319,-1.886287,4.683967,6.573098
15.480000,-0.628319,-1.876705,4.686825,6.566814
15.490000,-0.628319,-1.867104,4.689624,6.560531
15.500000,-0.628319,-1.857486,4.692362,6.554248
15.510000,-0.628319,-1.847852,4.695039,6.547965
15.520000,-0.628319,-1.838200,4.697656,6.541682
15.530000,-0.628319,-1.828532,4.700213,6.535399
15.540000,-0.628319,-1.818849,4.702708,6.529115
15.550000,-0.628319,-1.809150,4.705143,6.522832
15.560000,-0.628319,-1.799435,4.707516,6.516549
15.570000,-0.628319,-1.789706,4.709829,6.510266
15.580000,-0.628319,-1.779963,4.712080,6.503983
15.590000,-0.628319,-1.770206,4.714270,6.497699
15.600000,-0.628319,-1.760435,4.716399,6.491416
15.610000,-0.628319,-1.750651,4.718466,6.485133
15.620000,-0.628319,-1.740854,4.720472,6.478850
15.630000,-0.628319,-1.731045,4.722416,6.472567
15.640000,-0.628319,-1.721224,4.724299,6.466283
15.650000,-0.628319,-1.711391,4.726119,6.460000
15.660000,-0.628319,-1.701547,4.727878,6.453717
15.670000,-0.628319,-1.691692,4.729575,6.447434
15.680000,-0.628319,-1.681827,4.731211,6.441151
15.690000,-0.628319,-1.671951,4.732784,6.434868
15.700000,-0.628319,-1.662066,4.734295,6.428584
15.710000,-0.628319,-1.652172,4.735744,6.422301
15.720000,-0.628319,-1.642268,4.737130,6.416018
15.730000,-0.628319,-1.632356,4.738455,6.409735
15.740000,-0.628319,-1.622436,4.739717,6.403452
15.750000,-0.628319,-1.612508,4.740917,6.397168
15.760000,-0.628319,-1.602573,4.742054,6.390885
15.770000,-0.628319,-1.592631,4.743129,6.384602
15.780000,-0.628319,-1.582683,4.744141,6.378319
15.790000,-0.628319,-1.572728,4.745091,6.372036
15.800000,-0.628319,-1.562767,4.745978,6.365753
15.810000,-0.628319,-1.552801,4.746803,6.359469
15.820000,-0.628319,-1.542830,4.747565,6.353186
15.830000,-0.628319,-1.532855,4.748265,6.346903
15.840000,-0.628319,-1.522875,4.748902,6.340620
15.850000,-0.628319,-1.512892,4.749476,6.334337
15.860000,-0.628319,-1.502905,4.749987,6.328053
15.870000,-0.628319,-1.492915,4.750435,6.321770
15.880000,-0.628319,-1.482922,4.750821,6.315487
15.890000,-0.628319,-1.472928,4.751144,6.309204
15.900000,-0.628319,-1.462931,4.751404,6.302921
15.910000,-0.628319,-1.452933,4.751602,6.296637
15.920000,-0.628319,-1.442934,4.751736,6.290354
15.930000,-0.628319,-1.432934,4.751808,6.284071
15.940000,-0.628319,-1.422934,4.751817,6.277788
15.950000,-0.628319,-1.412934,4.751763,6.271505
15.960000,-0.628319,-1.402935,4.751646,6.265222
15.970000,-0.628319,-1.392936,4.751466,6.258938
15.980000,-0.628319,-1.382939,4.751224,6.252655
15.990000,-0.628319,-1.372944,4.750919,6.246372
16.000000,-0.628319,-1.362951,4.750550,6.240089
16.010000,-0.628319,-1.352960,4.750120,6.233806
16.020000,-0.628319,-1.342972,4.749626,6.227522
16.030000,-0.628319,-1.332988,4.749070,6.221239
16.040000,-0.628319,-1.323007,4.748451,6.214956
16.050000,-0.628319,-1.313030,4.747769,6.208673
16.060000,-0.628319,-1.303058,4.747024,6.202390
16.070000,-0.628319,-1.293091,4.746217,6.196107
16.080000,-0.628319,-1.283128,4.745348,6.189823
16.090000,-0.628319,-1.273172,4.744415,6.183540
16.100000,-0.628319,-1.263222,4.743421,6.177257
16.110000,-0.628319,-1.253278,4.742363,6.170974
16.120000,-0.628319,-1.243341,4.741244,6.164691
16.130000,-0.628319,-1.233411,4.740061,6.158407
16.140000,-0.628319,-1.223488,4.738817,6.152124
16.150000,-0.628319,-1.213574,4.737510,6.145841
16.160000,-0.628319,-1.203668,4.736141,6.139558
16.170000,-0.628319,-1.193771,4.734709,6.133275
16.180000,-0.628319,-1.183884,4.733216,6.126991
16.190000,-0.628319,-1.174005,4.731660,6.120708
16.200000,-0.628319,-1.164137,4.730043,6.114425
16.210000,-0.628319,-1.154279,4.728363,6.108142
16.220000,-0.628319,-1.144432,4.726622,6.101859
16.230000,-0.628319,-1.134596,4.724818,6.095576
16.240000,-0.628319,-1.124771,4.722953,6.089292
16.250000,-0.628319,-1.114959,4.721026,6.083009
16.260000,-0.628319,-1.105158,4.719038,6.076726
16.270000,-0.628319,-1.095371,4.716988,6.070443
16.280000,-0.628319,-1.085596,4.714877,6.064160
16.290000,-0.628319,-1.075835,4.712704,6.057876
16.300000,-0.628319,-1.066088,4.710470,6.051593
16.310000,-0.628319,-1.056355,4.708174,6.045310
16.320000,-0.628319,-1.046636,4.705818,6.039027
16.330000,-0.628319,-1.036933,4.703401,6.032744
16.340000,-0.628319,-1.027245,4.700922,6.026461
16.350000,-0.628319,-1.017573,4.698383,6.020177
16.360000,-0.628319,-1.007917,4.695783,6.013894
16.370000,-0.628319,-0.998277,4.693123,6.007611
16.380000,-0.628319,-0.988654,4.690402,6.001328
16.390000,-0.628319,-0.979049,4.687620,5.995045
16.400000,-0.628319,-0.969461,4.684779,5.988761
16.410000,-0.628319,-0.959891,4.681877,5.982478
16.420000,-0.628319,-0.950340,4.678915,5.976195
16.430000,-0.628319,-0.940808,4.675893,5.969912
16.440000,-0.628319,-0.931294,4.672811,5.963629
16.450000,-0.628319,-0.921801,4.669670,5.957345
16.460000,-0.628319,-0.912327,4.666469,5.951062
16.470000,-0.628319,-0.902873,4.663208,5.944779
16.480000,-0.628319,-0.893440,4.659888,5.938496
16.490000,-0.628319,-0.884029,4.656509,5.932213
16.500000,-0.628319,-0.874638,4.653071,5.925930
16.510000,-0.628319,-0.865270,4.649574,5.919646
16.520000,-0.628319,-0.855923,4.646018,5.913363
16.530000,-0.628319,-0.846599,4.642404,5.907080
16.540000,-0.628319,-0.837298,4.638731,5.900797
16.550000,-0.628319,-0.828020,4.635000,5.894514
16.560000,-0.628319,-0.818766,4.631210,5.888230
16.570000,-0.628319,-0.809536,4.627362,5.881947
16.580000,-0.628319,-0.800330,4.623457,5.875664
16.590000,-0.628319,-0.791149,4.619493,5.869381
16.600000,-0.628319,-0.781993,4.615472,5.863098
16.610000,-0.628319,-0.772863,4.611394,5.856815
16.620000,-0.628319,-0.763758,4.607258,5.850531
16.630000,-0.628319,-0.754680,4.603065,5.844248
16.640000,-0.628319,-0.745628,4.598816,5.837965
16.650000,-0.628319,-0.736602,4.594509,5.831682
16.660000,-0.628319,-0.727604,4.590146,5.825399
16.670000,-0.628319,-0.718634,4.585726,5.819115
16.680000,-0.628319,-0.709692,4.581250,5.812832
16.690000,-0.628319,-0.700778,4.576718,5.806549
16.700000,-0.628319,-0.691892,4.572130,5.800266
16.710000,-0.628319,-0.683036,4.567487,5.793983
16.720000,-0.628319,-0.674209,4.562788,5.787699
16.730000,-0.628319,-0.665411,4.558033,5.781416
16.740000,-0.628319,-0.656644,4.553223,5.775133
16.750000,-0.628319,-0.647907,4.548358,5.768850
16.760000,-0.628319,-0.639201,4.543439,5.762567
16.770000,-0.628319,-0.630526,4.538465,5.756284
16.780000,-0.628319,-0.621882,4.533436,5.750000
16.790000,-0.628319,-0.613270,4.528353,5.743717
16.800000,-0.628319,-0.604690,4.523217,5.737434
16.810000,-0.628319,-0.596143,4.518026,5.731151
16.820000,-0.628319,-0.587628,4.512782,5.724868
16.830000,-0.628319,-0.579147,4.507484,5.718584
16.840000,-0.628319,-0.570699,4.502133,5.712301
16.850000,-0.628319,-0.562285,4.496730,5.706018
16.860000,-0.628319,-0.553904,4.491273,5.699735
16.870000,-0.628319,-0.545559,4.485764,5.693452
16.880000,-0.628319,-0.537248,4.480203,5.687169
16.890000,-0.628319,-0.528972,4.474589,5.680885
16.900000,-0.628319,-0.520732,4.468924,5.674602
16.910000,-0.628319,-0.512527,4.463207,5.668319
16.920000,-0.628319,-0.504359,4.457438,5.662036
16.930000,-0.628319,-0.496227,4.451618,5.655753
16.940000,-0.628319,-0.488131,4.445748,5.649469
16.950000,-0.628319,-0.480073,4.439826,5.643186
16.960000,-0.628319,-0.472052,4.433854,5.636903
16.970000,-0.628319,-0.464069,4.427832,5.630620
16.980000,-0.628319,-0.456123,4.421760,5.624337
16.990000,-0.628319,-0.448216,4.415638,5.618053
17.000000,-0.628319,-0.440348,4.409466,5.611770
17.010000,-0.628319,-0.432519,4.403245,5.605487
17.020000,-0.628319,-0.424728,4.396975,5.599204
17.030000,-0.628319,-0.416978,4.390656,5.592921
17.040000,-0.628319,-0.409267,4.384289,5.586638
17.050000,-0.628319,-0.401596,4.377873,5.580354
17.060000,-0.628319,-0.393966,4.371409,5.574071
17.070000,-0.628319,-0.386377,4.364898,5.567788
17.080000,-0.628319,-0.378829,4.358339,5.561505
17.090000,-0.628319,-0.371322,4.351732,5.555222
17.100000,-0.628319,-0.363856,4.345079,5.548938
17.110000,-0.628319,-0.356433,4.338378,5.542655
17.120000,-0.628319,-0.349052,4.331632,5.536372
17.130000,-0.628319,-0.341713,4.324839,5.530089
17.140000,-0.628319,-0.334417,4.318000,5.523806
17.150000,-0.628319,-0.327165,4.311115,5.517523
17.160000,-0.628319,-0.319956,4.304185,5.511239
17.170000,-0.628319,-0.312790,4.297209,5.504956
17.180000,-0.628319,-0.305668,4.290189,5.498673
17.190000,-0.628319,-0.298591,4.283124,5.492390
17.200000,-0.628319,-0.291558,4.276015,5.486107
17.210000,-0.628319,-0.284570,4.268862,5.479823
17.220000,-0.628319,-0.277627,4.261665,5.473540
17.230000,-0.628319,-0.270730,4.254425,5.467257
17.240000,-0.628319,-0.263878,4.247141,5.460974
17.250000,-0.628319,-0.257072,4.239815,5.454691
17.260000,-0.628319,-0.250312,4.232445,5.448407
17.270000,-0.628319,-0.243599,4.225034,5.442124
17.280000,-0.628319,-0.236932,4.217580,5.435841
17.290000,-0.628319,-0.230312,4.210085,5.429558
17.300000,-0.628319,-0.223740,4.202548,5.423275
17.310000,-0.628319,-0.217215,4.194971,5.416992
17.320000,-0.628319,-0.210737,4.187352,5.410708
17.330000,-0.628319,-0.204308,4.179693,5.404425
17.340000,-0.628319,-0.197927,4.171993,5.398142
17.350000,-0.628319,-0.191594,4.164254,5.391859
17.360000,-0.628319,-0.185311,4.156475,5.385576
17.370000,-0.628319,-0.179076,4.148656,5.379292
17.380000,-0.628319,-0.172890,4.140799,5.373009
17.390000,-0.628319,-0.166754,4.132903,5.366726
17.400000,-0.628319,-0.160668,4.124968,5.360443
17.410000,-0.628319,-0.154631,4.116996,5.354160
17.420000,-0.628319,-0.148645,4.108985,5.347877
17.430000,-0.628319,-0.142710,4.100938,5.341593
17.440000,-0.628319,-0.136825,4.092853,5.335310
17.450000,-0.628319,-0.130990,4.084731,5.329027
17.460000,-0.628319,-0.125208,4.076572,5.322744
17.470000,-0.628319,-0.119476,4.068378,5.316461
17.480000,-0.628319,-0.113796,4.060148,5.310177
17.490000,-0.628319,-0.108168,4.051882,5.303894
17.500000,-0.628319,-0.102592,4.043581,5.297611
17.510000,-0.628319,-0.097068,4.035245,5.291328
17.520000,-0.628319,-0.091596,4.026875,5.285045
17.530000,-0.628319,-0.086178,4.018470,5.278761
17.540000,-0.628319,-0.080812,4.010031,5.272478
17.550000,-0.628319,-0.075499,4.001559,5.266195
17.560000,-0.628319,-0.070240,3.993054,5.259912
17.570000,-0.628319,-0.065034,3.984516,5.253629
17.580000,-0.628319,-0.059882,3.975945,5.247346
17.590000,-0.628319,-0.054784,3.967342,5.241062
17.600000,-0.628319,-0.049741,3.958707,5.234779
17.610000,-0.628319,-0.044751,3.950041,5.228496
17.620000,-0.628319,-0.039816,3.941344,5.222213
17.630000,-0.628319,-0.034936,3.932615,5.215930
17.640000,-0.628319,-0.030110,3.923857,5.209646
17.650000,-0.628319,-0.025340,3.915068,5.203363
17.660000,-0.628319,-0.020625,3.906249,5.197080
17.670000,-0.628319,-0.015966,3.897401,5.190797
17.680000,-0.628319,-0.011362,3.888523,5.184514
17.690000,-0.628319,-0.006815,3.879617,5.178230
17.700000,-0.628319,-0.002323,3.870683,5.171947
17.710000,-0.628319,0.002113,3.861720,5.165664
17.720000,-0.628319,0.006492,3.852730,5.159381
17.730000,-0.628319,0.010814,3.843713,5.153098
17.740000,-0.628319,0.015080,3.834668,5.146815
17.750000,-0.628319,0.019289,3.825597,5.140531
17.760000,-0.628319,0.023441,3.816500,5.134248
17.770000,-0.628319,0.027535,3.807377,5.127965
17.780000,-0.628319,0.031573,3.798228,5.121682
17.790000,-0.628319,0.035552,3.789054,5.115399
17.800000,-0.628319,0.039474,3.779855,5.109115
17.810000,-0.628319,0.043338,3.770631,5.102832
17.820000,-0.628319,0.047144,3.761384,5.096549
17.830000,-0.628319,0.050892,3.752113,5.090266
17.840000,-0.628319,0.054581,3.742818,5.083983
17.850000,-0.628319,0.058212,3.733501,5.077700
17.860000,-0.628319,0.061785,3.724161,5.071416
17.870000,-0.628319,0.065298,3.714798,5.065133
17.880000,-0.628319,0.068753,3.705414,5.058850
17.890000,-0.628319,0.072149,3.696008,5.052567
17.900000,-0.628319,0.075485,3.686581,5.046284
17.910000,-0.628319,0.078763,3.677134,5.040000
17.920000,-0.628319,0.081980,3.667666,5.033717
17.930000,-0.628319,0.085139,3.658177,5.027434
17.940000,-0.628319,0.088237,3.648670,5.021151
17.950000,-0.628319,0.091276,3.639142,5.014868
17.960000,-0.628319,0.094255,3.629596,5.008584
17.970000,-0.628319,0.097174,3.620032,5.002301
17.980000,-0.628319,0.100033,3.610449,4.996018
17.990000,-0.628319,0.102831,3.600849,4.989735
18.000000,-0.628319,0.105569,3.591231,4.983452
18.010000,-0.628319,0.108247,3.581596,4.977169
18.020000,-0.628319,0.110863,3.571944,4.970885
18.030000,-0.628319,0.113420,3.562277,4.964602
18.040000,-0.628319,0.115915,3.552593,4.958319
18.050000,-0.628319,0.118350,3.542894,4.952036
18.060000,-0.628319,0.120723,3.533180,4.945753
18.070000,-0.628319,0.123036,3.523451,4.939469
18.080000,-0.628319,0.125287,3.513708,4.933186
18.090000,-0.628319,0.127477,3.503950,4.926903
18.100000,-0.628319,0.129606,3.494180,4.920620
18.110000,-0.628319,0.131673,3.484396,4.914337
18.120000,-0.628319,0.133679,3.474599,4.908054
18.130000,-0.628319,0.135623,3.464790,4.901770
18.140000,-0.628319,0.137506,3.454968,4.895487
18.150000,-0.628319,0.139327,3.445136,4.889204
18.160000,-0.628319,0.141086,3.435291,4.882921
18.170000,-0.628319,0.142783,3.425437,4.876638
18.180000,-0.628319,0.144418,3.415571,4.870354
18.190000,-0.628319,0.145991,3.405696,4.864071
18.200000,-0.628319,0.147502,3.395810,4.857788
18.210000,-0.628319,0.148951,3.385916,4.851505
18.220000,-0.628319,0.150337,3.376013,4.845222
18.230000,-0.628319,0.151662,3.366101,4.838938
18.240000,-0.628319,0.152924,3.356181,4.832655
18.250000,-0.628319,0.154124,3.346253,4.826372
18.260000,-0.628319,0.155261,3.336318,4.820089
18.270000,-0.628319,0.156336,3.326376,4.813806
18.280000,-0.628319,0.157348,3.316427,4.807523
18.290000,-0.628319,0.158298,3.306472,4.801239
18.300000,-0.628319,0.159186,3.296512,4.794956
18.310000,-0.628319,0.160010,3.286546,4.788673
18.320000,-0.628319,0.160772,3.276575,4.782390
18.330000,-0.628319,0.161472,3.266599,4.776107
18.340000,-0.628319,0.162109,3.256620,4.769823
18.350000,-0.628319,0.162683,3.246636,4.763540
18.360000,-0.628319,0.163194,3.236649,4.757257
18.370000,-0.628319,0.163643,3.226659,4.750974
18.380000,-0.628319,0.164028,3.216667,4.744691
18.390000,-0.628319,0.164351,3.206672,4.738408
18.400000,-0.628319,0.164611,3.196675,4.732124
18.410000,-0.628319,0.164809,3.186677,4.725841
18.420000,-0.628319,0.164943,3.176678,4.719558
18.430000,-0.628319,0.165015,3.166678,4.713275
18.440000,-0.628319,0.165024,3.156678,4.706992
18.450000,-0.628319,0.164970,3.146679,4.700708
18.460000,-0.628319,0.164853,3.136679,4.694425
18.470000,-0.628319,0.164673,3.126681,4.688142
18.480000,-0.628319,0.164431,3.116684,4.681859
18.490000,-0.628319,0.164126,3.106688,4.675576
18.500000,-0.628319,0.163758,3.096695,4.669292
18.510000,-0.628319,0.163327,3.086705,4.663009
18.520000,-0.628319,0.162833,3.076717,4.656726
18.530000,-0.628319,0.162277,3.066732,4.650443
18.540000,-0.628319,0.161658,3.056751,4.644160
18.550000,-0.628319,0.160976,3.046775,4.637877
18.560000,-0.628319,0.160232,3.036802,4.631593
18.570000,-0.628319,0.159425,3.026835,4.625310
18.580000,-0.628319,0.158555,3.016873,4.619027
18.590000,-0.628319,0.157623,3.006916,4.612744
18.600000,-0.628319,0.156628,2.996966,4.606461
18.610000,-0.628319,0.155570,2.987022,4.600177
18.620000,-0.628319,0.154451,2.977085,4.593894
18.630000,-0.628319,0.153269,2.967155,4.587611
18.640000,-0.628319,0.152024,2.957233,4.581328
18.650000,-0.628319,0.150717,2.947319,4.575045
18.660000,-0.628319,0.149348,2.937413,4.568762
18.670000,-0.628319,0.147917,2.927516,4.562478
18.680000,-0.628319,0.146423,2.917628,4.556195
18.690000,-0.628319,0.144868,2.907750,4.549912
18.700000,-0.628319,0.143250,2.897881,4.543629
18.710000,-0.628319,0.141570,2.888023,4.537346
18.720000,-0.628319,0.139829,2.878176,4.531062
18.730000,-0.628319,0.138025,2.868340,4.524779
18.740000,-0.628319,0.136160,2.858516,4.518496
18.750000,-0.628319,0.134234,2.848703,4.512213
18.760000,-0.628319,0.132245,2.838903,4.505930
18.770000,-0.628319,0.130195,2.829115,4.499646
18.780000,-0.628319,0.128084,2.819341,4.493363
18.790000,-0.628319,0.125911,2.809579,4.487080
18.800000,-0.628319,0.123677,2.799832,4.480797
18.810000,-0.628319,0.121382,2.790099,4.474514
18.820000,-0.628319,0.119025,2.780381,4.468231
18.830000,-0.628319,0.116608,2.770677,4.461947
18.840000,-0.628319,0.114130,2.760989,4.455664
18.850000,-0.628319,0.111590,2.751317,4.449381
18.860000,-0.628319,0.108991,2.741661,4.443098
18.870000,-0.628319,0.106330,2.732021,4.436815
18.880000,-0.628319,0.103609,2.722399,4.430531
18.890000,-0.628319,0.100828,2.712793,4.424248
18.900000,-0.628319,0.097986,2.703206,4.417965
18.910000,-0.628319,0.095084,2.693636,4.411682
18.920000,-0.628319,0.092122,2.684085,4.405399
18.930000,-0.628319,0.089100,2.674552,4.399116
18.940000,-0.628319,0.086018,2.665039,4.392832
18.950000,-0.628319,0.082877,2.655545,4.386549
18.960000,-0.628319,0.079676,2.646071,4.380266
18.970000,-0.628319,0.076415,2.636618,4.373983
18.980000,-0.628319,0.073096,2.627185,4.367700
18.990000,-0.628319,0.069717,2.617773,4.361416
19.000000,-0.628319,0.066278,2.608383,4.355133
19.010000,-0.628319,0.062781,2.599014,4.348850
19.020000,-0.628319,0.059226,2.589668,4.342567
19.030000,-0.628319,0.055611,2.580344,4.336284
19.040000,-0.628319,0.051938,2.571043,4.330000
19.050000,-0.628319,0.048207,2.561765,4.323717
19.060000,-0.628319,0.044417,2.552511,4.317434
19.070000,-0.628319,0.040569,2.543281,4.311151
19.080000,-0.628319,0.036664,2.534075,4.304868
19.090000,-0.628319,0.032700,2.524894,4.298585
19.100000,-0.628319,0.028680,2.515738,4.292301
19.110000,-0.628319,0.024601,2.506607,4.286018
19.120000,-0.628319,0.020465,2.497503,4.279735
19.130000,-0.628319,0.016273,2.488424,4.273452
19.140000,-0.628319,0.012023,2.479372,4.267169
19.150000,-0.628319,0.007716,2.470347,4.260885
19.160000,-0.628319,0.003353,2.461349,4.254602
19.170000,-0.628319,-0.001067,2.452379,4.248319
19.180000,-0.628319,-0.005542,2.443436,4.242036
19.190000,-0.628319,-0.010074,2.434522,4.235753
19.200000,-0.628319,-0.014662,2.425637,4.229470
19.210000,-0.628319,-0.019306,2.416780,4.223186
19.220000,-0.628319,-0.024005,2.407953,4.216903
19.230000,-0.628319,-0.028760,2.399156,4.210620
19.240000,-0.628319,-0.033570,2.390388,4.204337
19.250000,-0.628319,-0.038434,2.381651,4.198054
19.260000,-0.628319,-0.043354,2.372945,4.191770
19.270000,-0.628319,-0.048328,2.364270,4.185487
19.280000,-0.628319,-0.053357,2.355626,4.179204
19.290000,-0.628319,-0.058440,2.347015,4.172921
19.300000,-0.628319,-0.063576,2.338435,4.166638
19.310000,-0.628319,-0.068767,2.329887,4.160354
19.320000,-0.628319,-0.074011,2.321373,4.154071
19.330000,-0.628319,-0.079309,2.312891,4.147788
19.340000,-0.628319,-0.084660,2.304443,4.141505
19.350000,-0.628319,-0.090063,2.296029,4.135222
19.360000,-0.628319,-0.095520,2.287649,4.128939
19.370000,-0.628319,-0.101029,2.279303,4.122655
19.380000,-0.628319,-0.106590,2.270992,4.116372
19.390000,-0.628319,-0.112204,2.262717,4.110089
19.400000,-0.628319,-0.117869,2.254476,4.103806
19.410000,-0.628319,-0.123586,2.246272,4.097523
19.420000,-0.628319,-0.129355,2.238103,4.091239
19.430000,-0.628319,-0.135174,2.229971,4.084956
19.440000,-0.628319,-0.141045,2.221876,4.078673
19.450000,-0.628319,-0.146967,2.213817,4.072390
19.460000,-0.628319,-0.152938,2.205796,4.066107
19.470000,-0.628319,-0.158961,2.197813,4.059824
19.480000,-0.628319,-0.165033,2.189868,4.053540
19.490000,-0.628319,-0.171155,2.181961,4.047257
19.500000,-0.628319,-0.177327,2.174092,4.040974
19.510000,-0.628319,-0.183548,2.166263,4.034691
19.520000,-0.628319,-0.189818,2.158473,4.028408
19.530000,-0.628319,-0.196136,2.150722,4.022124
19.540000,-0.628319,-0.202504,2.143011,4.015841
19.550000,-0.628319,-0.208920,2.135341,4.009558
19.560000,-0.628319,-0.215383,2.127711,4.003275
19.570000,-0.628319,-0.221895,2.120121,3.996992
19.580000,-0.628319,-0.228454,2.112573,3.990708
19.590000,-0.628319,-0.235061,2.105066,3.984425
19.600000,-0.628319,-0.241714,2.097601,3.978142
19.610000,-0.628319,-0.248414,2.090177,3.971859
19.620000,-0.628319,-0.255161,2.082796,3.965576
19.630000,-0.628319,-0.261954,2.075458,3.959293
19.640000,-0.628319,-0.268793,2.068162,3.953009
19.650000,-0.628319,-0.275678,2.060909,3.946726
19.660000,-0.628319,-0.282608,2.053700,3.940443
19.670000,-0.628319,-0.289583,2.046535,3.934160
19.680000,-0.628319,-0.296604,2.039413,3.927877
19.690000,-0.628319,-0.303668,2.032336,3.921593
19.700000,-0.628319,-0.310778,2.025303,3.915310
19.710000,-0.628319,-0.317931,2.018315,3.909027
19.720000,-0.628319,-0.325128,2.011372,3.902744
19.730000,-0.628319,-0.332368,2.004474,3.896461
19.740000,-0.628319,-0.339652,1.997622,3.890178
19.750000,-0.628319,-0.346978,1.990816,3.883894
19.760000,-0.628319,-0.354347,1.984057,3.877611
19.770000,-0.628319,-0.361759,1.977343,3.871328
19.780000,-0.628319,-0.369212,1.970676,3.865045
19.790000,-0.628319,-0.376708,1.964057,3.858762
19.800000,-0.628319,-0.384244,1.957484,3.852478
19.810000,-0.628319,-0.391822,1.950959,3.846195
19.820000,-0.628319,-0.399441,1.944482,3.839912
19.830000,-0.628319,-0.407100,1.938052,3.833629
19.840000,-0.628319,-0.414800,1.931671,3.827346
19.850000,-0.628319,-0.422539,1.925339,3.821062
19.860000,-0.628319,-0.430318,1.919055,3.814779
19.870000,-0.628319,-0.438136,1.912820,3.808496
19.880000,-0.628319,-0.445994,1.906635,3.802213
19.890000,-0.628319,-0.453890,1.900499,3.795930
19.900000,-0.628319,-0.461825,1.894412,3.789647
19.910000,-0.628319,-0.469797,1.888376,3.783363
19.920000,-0.628319,-0.477808,1.882390,3.777080
19.930000,-0.628319,-0.485855,1.876454,3.770797
19.940000,-0.628319,-0.493940,1.870569,3.764514
19.950000,-0.628319,-0.502062,1.864735,3.758231
19.960000,-0.628319,-0.510220,1.858952,3.751947
19.970000,-0.628319,-0.518415,1.853220,3.745664
19.980000,-0.628319,-0.526645,1.847540,3.739381
19.990000,-0.628319,-0.534911,1.841912,3.733098
