Tempo, Xref, Yref
0.00, 0.0000, 1.0000
0.01, 0.0050, 1.0000
0.02, 0.0100, 0.9999
0.03, 0.0150, 0.9998
0.04, 0.0200, 0.9997
0.05, 0.0250, 0.9996
0.06, 0.0300, 0.9994
0.07, 0.0350, 0.9991
0.08, 0.0400, 0.9988
0.09, 0.0450, 0.9985
0.10, 0.0500, 0.9982
0.11, 0.0550, 0.9978
0.12, 0.0600, 0.9974
0.13, 0.0650, 0.9970
0.14, 0.0699, 0.9965
0.15, 0.0749, 0.9960
0.16, 0.0799, 0.9954
0.17, 0.0849, 0.9948
0.18, 0.0899, 0.9942
0.19, 0.0949, 0.9935
0.20, 0.0998, 0.9928
0.21, 0.1048, 0.9921
0.22, 0.1098, 0.9913
0.23, 0.1147, 0.9905
0.24, 0.1197, 0.9896
0.25, 0.1247, 0.9888
0.26, 0.1296, 0.9879
0.27, 0.1346, 0.9869
0.28, 0.1395, 0.9859
0.29, 0.1445, 0.9849
0.30, 0.1494, 0.9838
0.31, 0.1544, 0.9828
0.32, 0.1593, 0.9816
0.33, 0.1643, 0.9805
0.34, 0.1692, 0.9793
0.35, 0.1741, 0.9780
0.36, 0.1790, 0.9768
0.37, 0.1839, 0.9755
0.38, 0.1889, 0.9741
0.39, 0.1938, 0.9727
0.40, 0.1987, 0.9713
0.41, 0.2036, 0.9699
0.42, 0.2085, 0.9684
0.43, 0.2133, 0.9669
0.44, 0.2182, 0.9654
0.45, 0.2231, 0.9638
0.46, 0.2280, 0.9622
0.47, 0.2328, 0.9605
0.48, 0.2377, 0.9588
0.49, 0.2426, 0.9571
0.50, 0.2474, 0.9553
0.51, 0.2522, 0.9535
0.52, 0.2571, 0.9517
0.53, 0.2619, 0.9499
0.54, 0.2667, 0.9480
0.55, 0.2715, 0.9460
0.56, 0.2764, 0.9441
0.57, 0.2812, 0.9421
0.58, 0.2860, 0.9401
0.59, 0.2907, 0.9380
0.60, 0.2955, 0.9359
0.61, 0.3003, 0.9338
0.62, 0.3051, 0.9316
0.63, 0.3098, 0.9294
0.64, 0.3146, 0.9272
0.65, 0.3193, 0.9249
0.66, 0.3240, 0.9226
0.67, 0.3288, 0.9203
0.68, 0.3335, 0.9179
0.69, 0.3382, 0.9155
0.70, 0.3429, 0.9131
0.71, 0.3476, 0.9106
0.72, 0.3523, 0.9081
0.73, 0.3569, 0.9056
0.74, 0.3616, 0.9030
0.75, 0.3663, 0.9004
0.76, 0.3709, 0.8978
0.77, 0.3756, 0.8952
0.78, 0.3802, 0.8925
0.79, 0.3848, 0.8897
0.80, 0.3894, 0.8870
0.81, 0.3940, 0.8842
0.82, 0.3986, 0.8814
0.83, 0.4032, 0.8785
0.84, 0.4078, 0.8757
0.85, 0.4123, 0.8727
0.86, 0.4169, 0.8698
0.87, 0.4214, 0.8668
0.88, 0.4259, 0.8638
0.89, 0.4305, 0.8608
0.90, 0.4350, 0.8577
0.91, 0.4395, 0.8546
0.92, 0.4439, 0.8515
0.93, 0.4484, 0.8483
0.94, 0.4529, 0.8451
0.95, 0.4573, 0.8419
0.96, 0.4618, 0.8386
0.97, 0.4662, 0.8354
0.98, 0.4706, 0.8321
0.99, 0.4750, 0.8287
1.00, 0.4794, 0.8253
1.01, 0.4838, 0.8219
1.02, 0.4882, 0.8185
1.03, 0.4925, 0.8150
1.04, 0.4969, 0.8115
1.05, 0.5012, 0.8080
1.06, 0.5055, 0.8045
1.07, 0.5098, 0.8009
1.08, 0.5141, 0.7973
1.09, 0.5184, 0.7937
1.10, 0.5227, 0.7900
1.11, 0.5269, 0.7863
1.12, 0.5312, 0.7826
1.13, 0.5354, 0.7788
1.14, 0.5396, 0.7751
1.15, 0.5438, 0.7712
1.16, 0.5480, 0.7674
1.17, 0.5522, 0.7636
1.18, 0.5564, 0.7597
1.19, 0.5605, 0.7557
1.20, 0.5646, 0.7518
1.21, 0.5688, 0.7478
1.22, 0.5729, 0.7438
1.23, 0.5770, 0.7398
1.24, 0.5810, 0.7358
1.25, 0.5851, 0.7317
1.26, 0.5891, 0.7276
1.27, 0.5932, 0.7235
1.28, 0.5972, 0.7193
1.29, 0.6012, 0.7151
1.30, 0.6052, 0.7109
1.31, 0.6092, 0.7067
1.32, 0.6131, 0.7024
1.33, 0.6171, 0.6981
1.34, 0.6210, 0.6938
1.35, 0.6249, 0.6895
1.36, 0.6288, 0.6851
1.37, 0.6327, 0.6808
1.38, 0.6365, 0.6764
1.39, 0.6404, 0.6719
1.40, 0.6442, 0.6675
1.41, 0.6480, 0.6630
1.42, 0.6518, 0.6585
1.43, 0.6556, 0.6540
1.44, 0.6594, 0.6494
1.45, 0.6631, 0.6448
1.46, 0.6669, 0.6402
1.47, 0.6706, 0.6356
1.48, 0.6743, 0.6310
1.49, 0.6780, 0.6263
1.50, 0.6816, 0.6216
1.51, 0.6853, 0.6169
1.52, 0.6889, 0.6122
1.53, 0.6925, 0.6074
1.54, 0.6961, 0.6026
1.55, 0.6997, 0.5978
1.56, 0.7033, 0.5930
1.57, 0.7068, 0.5882
1.58, 0.7104, 0.5833
1.59, 0.7139, 0.5784
1.60, 0.7174, 0.5735
1.61, 0.7208, 0.5686
1.62, 0.7243, 0.5636
1.63, 0.7277, 0.5587
1.64, 0.7311, 0.5537
1.65, 0.7345, 0.5487
1.66, 0.7379, 0.5437
1.67, 0.7413, 0.5386
1.68, 0.7446, 0.5336
1.69, 0.7480, 0.5285
1.70, 0.7513, 0.5234
1.71, 0.7546, 0.5182
1.72, 0.7578, 0.5131
1.73, 0.7611, 0.5079
1.74, 0.7643, 0.5028
1.75, 0.7675, 0.4976
1.76, 0.7707, 0.4924
1.77, 0.7739, 0.4871
1.78, 0.7771, 0.4819
1.79, 0.7802, 0.4766
1.80, 0.7833, 0.4713
1.81, 0.7864, 0.4660
1.82, 0.7895, 0.4607
1.83, 0.7926, 0.4554
1.84, 0.7956, 0.4500
1.85, 0.7986, 0.4447
1.86, 0.8016, 0.4393
1.87, 0.8046, 0.4339
1.88, 0.8076, 0.4285
1.89, 0.8105, 0.4230
1.90, 0.8134, 0.4176
1.91, 0.8163, 0.4121
1.92, 0.8192, 0.4067
1.93, 0.8220, 0.4012
1.94, 0.8249, 0.3957
1.95, 0.8277, 0.3902
1.96, 0.8305, 0.3846
1.97, 0.8333, 0.3791
1.98, 0.8360, 0.3735
1.99, 0.8388, 0.3679
2.00, 0.8415, 0.3624
2.01, 0.8442, 0.3568
2.02, 0.8468, 0.3511
2.03, 0.8495, 0.3455
2.04, 0.8521, 0.3399
2.05, 0.8547, 0.3342
2.06, 0.8573, 0.3286
2.07, 0.8599, 0.3229
2.08, 0.8624, 0.3172
2.09, 0.8649, 0.3115
2.10, 0.8674, 0.3058
2.11, 0.8699, 0.3001
2.12, 0.8724, 0.2944
2.13, 0.8748, 0.2886
2.14, 0.8772, 0.2829
2.15, 0.8796, 0.2771
2.16, 0.8820, 0.2714
2.17, 0.8843, 0.2656
2.18, 0.8866, 0.2598
2.19, 0.8889, 0.2540
2.20, 0.8912, 0.2482
2.21, 0.8935, 0.2424
2.22, 0.8957, 0.2365
2.23, 0.8979, 0.2307
2.24, 0.9001, 0.2249
2.25, 0.9023, 0.2190
2.26, 0.9044, 0.2131
2.27, 0.9065, 0.2073
2.28, 0.9086, 0.2014
2.29, 0.9107, 0.1955
2.30, 0.9128, 0.1896
2.31, 0.9148, 0.1837
2.32, 0.9168, 0.1778
2.33, 0.9188, 0.1719
2.34, 0.9208, 0.1660
2.35, 0.9227, 0.1601
2.36, 0.9246, 0.1542
2.37, 0.9265, 0.1482
2.38, 0.9284, 0.1423
2.39, 0.9302, 0.1364
2.40, 0.9320, 0.1304
2.41, 0.9338, 0.1245
2.42, 0.9356, 0.1185
2.43, 0.9374, 0.1126
2.44, 0.9391, 0.1066
2.45, 0.9408, 0.1006
2.46, 0.9425, 0.0947
2.47, 0.9441, 0.0887
2.48, 0.9458, 0.0827
2.49, 0.9474, 0.0767
2.50, 0.9490, 0.0707
2.51, 0.9505, 0.0648
2.52, 0.9521, 0.0588
2.53, 0.9536, 0.0528
2.54, 0.9551, 0.0468
2.55, 0.9566, 0.0408
2.56, 0.9580, 0.0348
2.57, 0.9594, 0.0288
2.58, 0.9608, 0.0228
2.59, 0.9622, 0.0168
2.60, 0.9636, 0.0108
2.61, 0.9649, 0.0048
2.62, 0.9662, -0.0012
2.63, 0.9675, -0.0072
2.64, 0.9687, -0.0132
2.65, 0.9699, -0.0192
2.66, 0.9711, -0.0252
2.67, 0.9723, -0.0312
2.68, 0.9735, -0.0372
2.69, 0.9746, -0.0432
2.70, 0.9757, -0.0492
2.71, 0.9768, -0.0552
2.72, 0.9779, -0.0612
2.73, 0.9789, -0.0672
2.74, 0.9799, -0.0731
2.75, 0.9809, -0.0791
2.76, 0.9819, -0.0851
2.77, 0.9828, -0.0911
2.78, 0.9837, -0.0971
2.79, 0.9846, -0.1030
2.80, 0.9854, -0.1090
2.81, 0.9863, -0.1149
2.82, 0.9871, -0.1209
2.83, 0.9879, -0.1269
2.84, 0.9887, -0.1328
2.85, 0.9894, -0.1388
2.86, 0.9901, -0.1447
2.87, 0.9908, -0.1506
2.88, 0.9915, -0.1566
2.89, 0.9921, -0.1625
2.90, 0.9927, -0.1684
2.91, 0.9933, -0.1743
2.92, 0.9939, -0.1802
2.93, 0.9944, -0.1861
2.94, 0.9949, -0.1920
2.95, 0.9954, -0.1979
2.96, 0.9959, -0.2038
2.97, 0.9963, -0.2096
2.98, 0.9967, -0.2155
2.99, 0.9971, -0.2214
3.00, 0.9975, -0.2272
3.01, 0.9978, -0.2330
3.02, 0.9982, -0.2389
3.03, 0.9984, -0.2447
3.04, 0.9987, -0.2505
3.05, 0.9990, -0.2563
3.06, 0.9992, -0.2621
3.07, 0.9994, -0.2679
3.08, 0.9995, -0.2737
3.09, 0.9997, -0.2794
3.10, 0.9998, -0.2852
3.11, 0.9999, -0.2909
3.12, 0.9999, -0.2967
3.13, 1.0000, -0.3024
3.14, 1.0000, -0.3081
3.15, 1.0000, -0.3138
3.16, 1.0000, -0.3195
3.17, 0.9999, -0.3252
3.18, 0.9998, -0.3308
3.19, 0.9997, -0.3365
3.20, 0.9996, -0.3421
3.21, 0.9994, -0.3478
3.22, 0.9992, -0.3534
3.23, 0.9990, -0.3590
3.24, 0.9988, -0.3646
3.25, 0.9985, -0.3702
3.26, 0.9982, -0.3757
3.27, 0.9979, -0.3813
3.28, 0.9976, -0.3868
3.29, 0.9972, -0.3924
3.30, 0.9969, -0.3979
3.31, 0.9965, -0.4034
3.32, 0.9960, -0.4089
3.33, 0.9956, -0.4143
3.34, 0.9951, -0.4198
3.35, 0.9946, -0.4252
3.36, 0.9940, -0.4306
3.37, 0.9935, -0.4360
3.38, 0.9929, -0.4414
3.39, 0.9923, -0.4468
3.40, 0.9917, -0.4522
3.41, 0.9910, -0.4575
3.42, 0.9903, -0.4628
3.43, 0.9896, -0.4682
3.44, 0.9889, -0.4735
3.45, 0.9881, -0.4787
3.46, 0.9874, -0.4840
3.47, 0.9865, -0.4892
3.48, 0.9857, -0.4945
3.49, 0.9849, -0.4997
3.50, 0.9840, -0.5048
3.51, 0.9831, -0.5100
3.52, 0.9822, -0.5152
3.53, 0.9812, -0.5203
3.54, 0.9802, -0.5254
3.55, 0.9792, -0.5305
3.56, 0.9782, -0.5356
3.57, 0.9771, -0.5406
3.58, 0.9761, -0.5457
3.59, 0.9750, -0.5507
3.60, 0.9738, -0.5557
3.61, 0.9727, -0.5607
3.62, 0.9715, -0.5656
3.63, 0.9703, -0.5706
3.64, 0.9691, -0.5755
3.65, 0.9679, -0.5804
3.66, 0.9666, -0.5853
3.67, 0.9653, -0.5901
3.68, 0.9640, -0.5950
3.69, 0.9626, -0.5998
3.70, 0.9613, -0.6046
3.71, 0.9599, -0.6093
3.72, 0.9585, -0.6141
3.73, 0.9570, -0.6188
3.74, 0.9556, -0.6235
3.75, 0.9541, -0.6282
3.76, 0.9526, -0.6328
3.77, 0.9510, -0.6375
3.78, 0.9495, -0.6421
3.79, 0.9479, -0.6467
3.80, 0.9463, -0.6512
3.81, 0.9447, -0.6558
3.82, 0.9430, -0.6603
3.83, 0.9413, -0.6648
3.84, 0.9396, -0.6693
3.85, 0.9379, -0.6737
3.86, 0.9362, -0.6781
3.87, 0.9344, -0.6825
3.88, 0.9326, -0.6869
3.89, 0.9308, -0.6912
3.90, 0.9290, -0.6956
3.91, 0.9271, -0.6999
3.92, 0.9252, -0.7041
3.93, 0.9233, -0.7084
3.94, 0.9214, -0.7126
3.95, 0.9194, -0.7168
3.96, 0.9174, -0.7210
3.97, 0.9154, -0.7251
3.98, 0.9134, -0.7292
3.99, 0.9114, -0.7333
4.00, 0.9093, -0.7374
4.01, 0.9072, -0.7414
4.02, 0.9051, -0.7454
4.03, 0.9030, -0.7494
4.04, 0.9008, -0.7534
4.05, 0.8986, -0.7573
4.06, 0.8964, -0.7612
4.07, 0.8942, -0.7651
4.08, 0.8919, -0.7690
4.09, 0.8897, -0.7728
4.10, 0.8874, -0.7766
4.11, 0.8850, -0.7803
4.12, 0.8827, -0.7841
4.13, 0.8803, -0.7878
4.14, 0.8780, -0.7915
4.15, 0.8756, -0.7951
4.16, 0.8731, -0.7987
4.17, 0.8707, -0.8023
4.18, 0.8682, -0.8059
4.19, 0.8657, -0.8094
4.20, 0.8632, -0.8130
4.21, 0.8607, -0.8164
4.22, 0.8581, -0.8199
4.23, 0.8555, -0.8233
4.24, 0.8529, -0.8267
4.25, 0.8503, -0.8301
4.26, 0.8477, -0.8334
4.27, 0.8450, -0.8367
4.28, 0.8423, -0.8400
4.29, 0.8396, -0.8432
4.30, 0.8369, -0.8464
4.31, 0.8342, -0.8496
4.32, 0.8314, -0.8527
4.33, 0.8286, -0.8559
4.34, 0.8258, -0.8589
4.35, 0.8230, -0.8620
4.36, 0.8201, -0.8650
4.37, 0.8172, -0.8680
4.38, 0.8143, -0.8710
4.39, 0.8114, -0.8739
4.40, 0.8085, -0.8768
4.41, 0.8055, -0.8797
4.42, 0.8026, -0.8825
4.43, 0.7996, -0.8853
4.44, 0.7966, -0.8881
4.45, 0.7935, -0.8908
4.46, 0.7905, -0.8936
4.47, 0.7874, -0.8962
4.48, 0.7843, -0.8989
4.49, 0.7812, -0.9015
4.50, 0.7781, -0.9041
4.51, 0.7749, -0.9066
4.52, 0.7718, -0.9091
4.53, 0.7686, -0.9116
4.54, 0.7654, -0.9141
4.55, 0.7621, -0.9165
4.56, 0.7589, -0.9189
4.57, 0.7556, -0.9212
4.58, 0.7523, -0.9235
4.59, 0.7490, -0.9258
4.60, 0.7457, -0.9281
4.61, 0.7424, -0.9303
4.62, 0.7390, -0.9325
4.63, 0.7356, -0.9346
4.64, 0.7322, -0.9367
4.65, 0.7288, -0.9388
4.66, 0.7254, -0.9409
4.67, 0.7219, -0.9429
4.68, 0.7185, -0.9449
4.69, 0.7150, -0.9468
4.70, 0.7115, -0.9487
4.71, 0.7080, -0.9506
4.72, 0.7044, -0.9525
4.73, 0.7009, -0.9543
4.74, 0.6973, -0.9560
4.75, 0.6937, -0.9578
4.76, 0.6901, -0.9595
4.77, 0.6864, -0.9612
4.78, 0.6828, -0.9628
4.79, 0.6791, -0.9644
4.80, 0.6755, -0.9660
4.81, 0.6718, -0.9675
4.82, 0.6681, -0.9690
4.83, 0.6643, -0.9705
4.84, 0.6606, -0.9719
4.85, 0.6568, -0.9733
4.86, 0.6530, -0.9747
4.87, 0.6492, -0.9760
4.88, 0.6454, -0.9773
4.89, 0.6416, -0.9785
4.90, 0.6378, -0.9797
4.91, 0.6339, -0.9809
4.92, 0.6300, -0.9821
4.93, 0.6261, -0.9832
4.94, 0.6222, -0.9843
4.95, 0.6183, -0.9853
4.96, 0.6144, -0.9863
4.97, 0.6104, -0.9873
4.98, 0.6065, -0.9882
4.99, 0.6025, -0.9891
5.00, 0.5985, -0.9900
5.01, 0.5945, -0.9908
5.02, 0.5904, -0.9916
5.03, 0.5864, -0.9924
5.04, 0.5823, -0.9931
5.05, 0.5783, -0.9938
5.06, 0.5742, -0.9944
5.07, 0.5701, -0.9950
5.08, 0.5660, -0.9956
5.09, 0.5618, -0.9962
5.10, 0.5577, -0.9967
5.11, 0.5535, -0.9971
5.12, 0.5494, -0.9976
5.13, 0.5452, -0.9980
5.14, 0.5410, -0.9983
5.15, 0.5368, -0.9987
5.16, 0.5325, -0.9990
5.17, 0.5283, -0.9992
5.18, 0.5240, -0.9994
5.19, 0.5198, -0.9996
5.20, 0.5155, -0.9998
5.21, 0.5112, -0.9999
5.22, 0.5069, -1.0000
5.23, 0.5026, -1.0000
5.24, 0.4983, -1.0000
5.25, 0.4939, -1.0000
5.26, 0.4896, -0.9999
5.27, 0.4852, -0.9998
5.28, 0.4808, -0.9997
5.29, 0.4764, -0.9995
5.30, 0.4720, -0.9993
5.31, 0.4676, -0.9990
5.32, 0.4632, -0.9987
5.33, 0.4588, -0.9984
5.34, 0.4543, -0.9981
5.35, 0.4498, -0.9977
5.36, 0.4454, -0.9972
5.37, 0.4409, -0.9968
5.38, 0.4364, -0.9963
5.39, 0.4319, -0.9957
5.40, 0.4274, -0.9952
5.41, 0.4229, -0.9946
5.42, 0.4183, -0.9939
5.43, 0.4138, -0.9932
5.44, 0.4092, -0.9925
5.45, 0.4046, -0.9918
5.46, 0.4001, -0.9910
5.47, 0.3955, -0.9902
5.48, 0.3909, -0.9893
5.49, 0.3863, -0.9884
5.50, 0.3817, -0.9875
5.51, 0.3770, -0.9865
5.52, 0.3724, -0.9855
5.53, 0.3678, -0.9845
5.54, 0.3631, -0.9834
5.55, 0.3584, -0.9823
5.56, 0.3538, -0.9812
5.57, 0.3491, -0.9800
5.58, 0.3444, -0.9788
5.59, 0.3397, -0.9775
5.60, 0.3350, -0.9762
5.61, 0.3303, -0.9749
5.62, 0.3255, -0.9736
5.63, 0.3208, -0.9722
5.64, 0.3161, -0.9708
5.65, 0.3113, -0.9693
5.66, 0.3066, -0.9678
5.67, 0.3018, -0.9663
5.68, 0.2970, -0.9647
5.69, 0.2923, -0.9631
5.70, 0.2875, -0.9615
5.71, 0.2827, -0.9598
5.72, 0.2779, -0.9581
5.73, 0.2731, -0.9564
5.74, 0.2683, -0.9546
5.75, 0.2634, -0.9528
5.76, 0.2586, -0.9510
5.77, 0.2538, -0.9491
5.78, 0.2489, -0.9472
5.79, 0.2441, -0.9453
5.80, 0.2392, -0.9433
5.81, 0.2344, -0.9413
5.82, 0.2295, -0.9392
5.83, 0.2247, -0.9372
5.84, 0.2198, -0.9350
5.85, 0.2149, -0.9329
5.86, 0.2100, -0.9307
5.87, 0.2051, -0.9285
5.88, 0.2002, -0.9263
5.89, 0.1953, -0.9240
5.90, 0.1904, -0.9217
5.91, 0.1855, -0.9193
5.92, 0.1806, -0.9170
5.93, 0.1757, -0.9145
5.94, 0.1708, -0.9121
5.95, 0.1658, -0.9096
5.96, 0.1609, -0.9071
5.97, 0.1560, -0.9046
5.98, 0.1510, -0.9020
5.99, 0.1461, -0.8994
6.00, 0.1411, -0.8968
6.01, 0.1362, -0.8941
6.02, 0.1312, -0.8914
6.03, 0.1263, -0.8886
6.04, 0.1213, -0.8859
6.05, 0.1163, -0.8831
6.06, 0.1114, -0.8803
6.07, 0.1064, -0.8774
6.08, 0.1014, -0.8745
6.09, 0.0964, -0.8716
6.10, 0.0915, -0.8686
6.11, 0.0865, -0.8656
6.12, 0.0815, -0.8626
6.13, 0.0765, -0.8596
6.14, 0.0715, -0.8565
6.15, 0.0665, -0.8534
6.16, 0.0616, -0.8502
6.17, 0.0566, -0.8470
6.18, 0.0516, -0.8438
6.19, 0.0466, -0.8406
6.20, 0.0416, -0.8373
6.21, 0.0366, -0.8340
6.22, 0.0316, -0.8307
6.23, 0.0266, -0.8274
6.24, 0.0216, -0.8240
6.25, 0.0166, -0.8206
6.26, 0.0116, -0.8171
6.27, 0.0066, -0.8136
6.28, 0.0016, -0.8101
6.29, -0.0034, -0.8066
6.30, -0.0084, -0.8030
6.31, -0.0134, -0.7995
6.32, -0.0184, -0.7958
6.33, -0.0234, -0.7922
6.34, -0.0284, -0.7885
6.35, -0.0334, -0.7848
6.36, -0.0384, -0.7811
6.37, -0.0434, -0.7773
6.38, -0.0484, -0.7735
6.39, -0.0534, -0.7697
6.40, -0.0584, -0.7659
6.41, -0.0634, -0.7620
6.42, -0.0684, -0.7581
6.43, -0.0733, -0.7542
6.44, -0.0783, -0.7502
6.45, -0.0833, -0.7462
6.46, -0.0883, -0.7422
6.47, -0.0933, -0.7382
6.48, -0.0982, -0.7341
6.49, -0.1032, -0.7300
6.50, -0.1082, -0.7259
6.51, -0.1132, -0.7218
6.52, -0.1181, -0.7176
6.53, -0.1231, -0.7134
6.54, -0.1281, -0.7092
6.55, -0.1330, -0.7050
6.56, -0.1380, -0.7007
6.57, -0.1429, -0.6964
6.58, -0.1479, -0.6921
6.59, -0.1528, -0.6878
6.60, -0.1577, -0.6834
6.61, -0.1627, -0.6790
6.62, -0.1676, -0.6746
6.63, -0.1725, -0.6701
6.64, -0.1775, -0.6657
6.65, -0.1824, -0.6612
6.66, -0.1873, -0.6567
6.67, -0.1922, -0.6521
6.68, -0.1971, -0.6476
6.69, -0.2020, -0.6430
6.70, -0.2069, -0.6384
6.71, -0.2118, -0.6337
6.72, -0.2167, -0.6291
6.73, -0.2216, -0.6244
6.74, -0.2264, -0.6197
6.75, -0.2313, -0.6150
6.76, -0.2362, -0.6103
6.77, -0.2410, -0.6055
6.78, -0.2459, -0.6007
6.79, -0.2507, -0.5959
6.80, -0.2555, -0.5911
6.81, -0.2604, -0.5862
6.82, -0.2652, -0.5814
6.83, -0.2700, -0.5765
6.84, -0.2748, -0.5715
6.85, -0.2796, -0.5666
6.86, -0.2844, -0.5617
6.87, -0.2892, -0.5567
6.88, -0.2940, -0.5517
6.89, -0.2988, -0.5467
6.90, -0.3035, -0.5416
6.91, -0.3083, -0.5366
6.92, -0.3131, -0.5315
6.93, -0.3178, -0.5264
6.94, -0.3225, -0.5213
6.95, -0.3273, -0.5162
6.96, -0.3320, -0.5110
6.97, -0.3367, -0.5059
6.98, -0.3414, -0.5007
6.99, -0.3461, -0.4955
7.00, -0.3508, -0.4903
7.01, -0.3555, -0.4850
7.02, -0.3601, -0.4798
7.03, -0.3648, -0.4745
7.04, -0.3694, -0.4692
7.05, -0.3741, -0.4639
7.06, -0.3787, -0.4586
7.07, -0.3833, -0.4532
7.08, -0.3880, -0.4479
7.09, -0.3926, -0.4425
7.10, -0.3971, -0.4371
7.11, -0.4017, -0.4317
7.12, -0.4063, -0.4263
7.13, -0.4109, -0.4209
7.14, -0.4154, -0.4154
7.15, -0.4200, -0.4099
7.16, -0.4245, -0.4045
7.17, -0.4290, -0.3990
7.18, -0.4335, -0.3935
7.19, -0.4380, -0.3879
7.20, -0.4425, -0.3824
7.21, -0.4470, -0.3768
7.22, -0.4515, -0.3713
7.23, -0.4559, -0.3657
7.24, -0.4604, -0.3601
7.25, -0.4648, -0.3545
7.26, -0.4692, -0.3489
7.27, -0.4736, -0.3433
7.28, -0.4780, -0.3376
7.29, -0.4824, -0.3320
7.30, -0.4868, -0.3263
7.31, -0.4911, -0.3206
7.32, -0.4955, -0.3149
7.33, -0.4998, -0.3092
7.34, -0.5042, -0.3035
7.35, -0.5085, -0.2978
7.36, -0.5128, -0.2921
7.37, -0.5171, -0.2863
7.38, -0.5213, -0.2806
7.39, -0.5256, -0.2748
7.40, -0.5298, -0.2690
7.41, -0.5341, -0.2632
7.42, -0.5383, -0.2575
7.43, -0.5425, -0.2517
7.44, -0.5467, -0.2458
7.45, -0.5509, -0.2400
7.46, -0.5550, -0.2342
7.47, -0.5592, -0.2284
7.48, -0.5633, -0.2225
7.49, -0.5675, -0.2167
7.50, -0.5716, -0.2108
7.51, -0.5757, -0.2049
7.52, -0.5797, -0.1991
7.53, -0.5838, -0.1932
7.54, -0.5879, -0.1873
7.55, -0.5919, -0.1814
7.56, -0.5959, -0.1755
7.57, -0.5999, -0.1696
7.58, -0.6039, -0.1636
7.59, -0.6079, -0.1577
7.60, -0.6119, -0.1518
7.61, -0.6158, -0.1459
7.62, -0.6197, -0.1399
7.63, -0.6237, -0.1340
7.64, -0.6276, -0.1280
7.65, -0.6314, -0.1221
7.66, -0.6353, -0.1161
7.67, -0.6392, -0.1102
7.68, -0.6430, -0.1042
7.69, -0.6468, -0.0982
7.70, -0.6506, -0.0923
7.71, -0.6544, -0.0863
7.72, -0.6582, -0.0803
7.73, -0.6619, -0.0743
7.74, -0.6657, -0.0683
7.75, -0.6694, -0.0623
7.76, -0.6731, -0.0564
7.77, -0.6768, -0.0504
7.78, -0.6805, -0.0444
7.79, -0.6841, -0.0384
7.80, -0.6878, -0.0324
7.81, -0.6914, -0.0264
7.82, -0.6950, -0.0204
7.83, -0.6986, -0.0144
7.84, -0.7021, -0.0084
7.85, -0.7057, -0.0024
7.86, -0.7092, 0.0036
7.87, -0.7127, 0.0096
7.88, -0.7162, 0.0156
7.89, -0.7197, 0.0216
7.90, -0.7232, 0.0276
7.91, -0.7266, 0.0336
7.92, -0.7301, 0.0396
7.93, -0.7335, 0.0456
7.94, -0.7369, 0.0516
7.95, -0.7402, 0.0576
7.96, -0.7436, 0.0636
7.97, -0.7469, 0.0696
7.98, -0.7502, 0.0755
7.99, -0.7535, 0.0815
8.00, -0.7568, 0.0875
8.01, -0.7601, 0.0935
8.02, -0.7633, 0.0994
8.03, -0.7665, 0.1054
8.04, -0.7697, 0.1114
8.05, -0.7729, 0.1173
8.06, -0.7761, 0.1233
8.07, -0.7792, 0.1292
8.08, -0.7823, 0.1352
8.09, -0.7854, 0.1411
8.10, -0.7885, 0.1471
8.11, -0.7916, 0.1530
8.12, -0.7946, 0.1589
8.13, -0.7977, 0.1649
8.14, -0.8007, 0.1708
8.15, -0.8037, 0.1767
8.16, -0.8066, 0.1826
8.17, -0.8096, 0.1885
8.18, -0.8125, 0.1944
8.19, -0.8154, 0.2002
8.20, -0.8183, 0.2061
8.21, -0.8211, 0.2120
8.22, -0.8240, 0.2179
8.23, -0.8268, 0.2237
8.24, -0.8296, 0.2295
8.25, -0.8324, 0.2354
8.26, -0.8352, 0.2412
8.27, -0.8379, 0.2470
8.28, -0.8406, 0.2528
8.29, -0.8433, 0.2586
8.30, -0.8460, 0.2644
8.31, -0.8486, 0.2702
8.32, -0.8513, 0.2760
8.33, -0.8539, 0.2817
8.34, -0.8565, 0.2875
8.35, -0.8590, 0.2932
8.36, -0.8616, 0.2990
8.37, -0.8641, 0.3047
8.38, -0.8666, 0.3104
8.39, -0.8691, 0.3161
8.40, -0.8716, 0.3218
8.41, -0.8740, 0.3275
8.42, -0.8764, 0.3331
8.43, -0.8788, 0.3388
8.44, -0.8812, 0.3444
8.45, -0.8836, 0.3500
8.46, -0.8859, 0.3557
8.47, -0.8882, 0.3613
8.48, -0.8905, 0.3668
8.49, -0.8927, 0.3724
8.50, -0.8950, 0.3780
8.51, -0.8972, 0.3835
8.52, -0.8994, 0.3891
8.53, -0.9016, 0.3946
8.54, -0.9037, 0.4001
8.55, -0.9059, 0.4056
8.56, -0.9080, 0.4111
8.57, -0.9101, 0.4165
8.58, -0.9121, 0.4220
8.59, -0.9142, 0.4274
8.60, -0.9162, 0.4328
8.61, -0.9182, 0.4382
8.62, -0.9201, 0.4436
8.63, -0.9221, 0.4490
8.64, -0.9240, 0.4543
8.65, -0.9259, 0.4597
8.66, -0.9278, 0.4650
8.67, -0.9296, 0.4703
8.68, -0.9315, 0.4756
8.69, -0.9333, 0.4808
8.70, -0.9351, 0.4861
8.71, -0.9368, 0.4913
8.72, -0.9386, 0.4965
8.73, -0.9403, 0.5017
8.74, -0.9420, 0.5069
8.75, -0.9436, 0.5121
8.76, -0.9453, 0.5172
8.77, -0.9469, 0.5224
8.78, -0.9485, 0.5275
8.79, -0.9501, 0.5326
8.80, -0.9516, 0.5376
8.81, -0.9531, 0.5427
8.82, -0.9546, 0.5477
8.83, -0.9561, 0.5527
8.84, -0.9576, 0.5577
8.85, -0.9590, 0.5627
8.86, -0.9604, 0.5676
8.87, -0.9618, 0.5725
8.88, -0.9631, 0.5775
8.89, -0.9645, 0.5823
8.90, -0.9658, 0.5872
8.91, -0.9671, 0.5921
8.92, -0.9683, 0.5969
8.93, -0.9696, 0.6017
8.94, -0.9708, 0.6065
8.95, -0.9720, 0.6112
8.96, -0.9731, 0.6160
8.97, -0.9743, 0.6207
8.98, -0.9754, 0.6254
8.99, -0.9765, 0.6300
9.00, -0.9775, 0.6347
9.01, -0.9786, 0.6393
9.02, -0.9796, 0.6439
9.03, -0.9806, 0.6485
9.04, -0.9816, 0.6531
9.05, -0.9825, 0.6576
9.06, -0.9834, 0.6621
9.07, -0.9843, 0.6666
9.08, -0.9852, 0.6710
9.09, -0.9860, 0.6755
9.10, -0.9868, 0.6799
9.11, -0.9876, 0.6843
9.12, -0.9884, 0.6886
9.13, -0.9892, 0.6930
9.14, -0.9899, 0.6973
9.15, -0.9906, 0.7016
9.16, -0.9912, 0.7058
9.17, -0.9919, 0.7101
9.18, -0.9925, 0.7143
9.19, -0.9931, 0.7185
9.20, -0.9937, 0.7226
9.21, -0.9942, 0.7268
9.22, -0.9948, 0.7309
9.23, -0.9953, 0.7350
9.24, -0.9957, 0.7390
9.25, -0.9962, 0.7430
9.26, -0.9966, 0.7470
9.27, -0.9970, 0.7510
9.28, -0.9974, 0.7550
9.29, -0.9977, 0.7589
9.30, -0.9981, 0.7628
9.31, -0.9984, 0.7667
9.32, -0.9986, 0.7705
9.33, -0.9989, 0.7743
9.34, -0.9991, 0.7781
9.35, -0.9993, 0.7818
9.36, -0.9995, 0.7856
9.37, -0.9996, 0.7893
9.38, -0.9997, 0.7929
9.39, -0.9998, 0.7966
9.40, -0.9999, 0.8002
9.41, -1.0000, 0.8038
9.42, -1.0000, 0.8073
9.43, -1.0000, 0.8109
9.44, -1.0000, 0.8144
9.45, -0.9999, 0.8178
9.46, -0.9998, 0.8213
9.47, -0.9997, 0.8247
9.48, -0.9996, 0.8280
9.49, -0.9995, 0.8314
9.50, -0.9993, 0.8347
9.51, -0.9991, 0.8380
9.52, -0.9989, 0.8413
9.53, -0.9986, 0.8445
9.54, -0.9983, 0.8477
9.55, -0.9980, 0.8509
9.56, -0.9977, 0.8540
9.57, -0.9974, 0.8571
9.58, -0.9970, 0.8602
9.59, -0.9966, 0.8632
9.60, -0.9962, 0.8662
9.61, -0.9957, 0.8692
9.62, -0.9952, 0.8722
9.63, -0.9947, 0.8751
9.64, -0.9942, 0.8780
9.65, -0.9937, 0.8808
9.66, -0.9931, 0.8837
9.67, -0.9925, 0.8864
9.68, -0.9919, 0.8892
9.69, -0.9912, 0.8919
9.70, -0.9905, 0.8946
9.71, -0.9898, 0.8973
9.72, -0.9891, 0.8999
9.73, -0.9884, 0.9025
9.74, -0.9876, 0.9051
9.75, -0.9868, 0.9076
9.76, -0.9860, 0.9101
9.77, -0.9851, 0.9126
9.78, -0.9843, 0.9150
9.79, -0.9834, 0.9174
9.80, -0.9825, 0.9198
9.81, -0.9815, 0.9222
9.82, -0.9805, 0.9245
9.83, -0.9795, 0.9267
9.84, -0.9785, 0.9290
9.85, -0.9775, 0.9312
9.86, -0.9764, 0.9333
9.87, -0.9753, 0.9355
9.88, -0.9742, 0.9376
9.89, -0.9731, 0.9397
9.90, -0.9719, 0.9417
9.91, -0.9707, 0.9437
9.92, -0.9695, 0.9457
9.93, -0.9683, 0.9476
9.94, -0.9670, 0.9495
9.95, -0.9657, 0.9514
9.96, -0.9644, 0.9532
9.97, -0.9631, 0.9550
9.98, -0.9617, 0.9567
9.99, -0.9603, 0.9585
10.00, -0.9589, 0.9602
10.01, -0.9575, 0.9618
10.02, -0.9560, 0.9635
10.03, -0.9546, 0.9650
10.04, -0.9531, 0.9666
10.05, -0.9515, 0.9681
10.06, -0.9500, 0.9696
10.07, -0.9484, 0.9711
10.08, -0.9468, 0.9725
10.09, -0.9452, 0.9739
10.10, -0.9435, 0.9752
10.11, -0.9419, 0.9765
10.12, -0.9402, 0.9778
10.13, -0.9385, 0.9790
10.14, -0.9367, 0.9802
10.15, -0.9350, 0.9814
10.16, -0.9332, 0.9825
10.17, -0.9314, 0.9836
10.18, -0.9295, 0.9847
10.19, -0.9277, 0.9857
10.20, -0.9258, 0.9867
10.21, -0.9239, 0.9877
10.22, -0.9220, 0.9886
10.23, -0.9200, 0.9895
10.24, -0.9181, 0.9903
10.25, -0.9161, 0.9911
10.26, -0.9141, 0.9919
10.27, -0.9120, 0.9927
10.28, -0.9100, 0.9934
10.29, -0.9079, 0.9940
10.30, -0.9058, 0.9947
10.31, -0.9036, 0.9953
10.32, -0.9015, 0.9958
10.33, -0.8993, 0.9964
10.34, -0.8971, 0.9969
10.35, -0.8949, 0.9973
10.36, -0.8926, 0.9977
10.37, -0.8904, 0.9981
10.38, -0.8881, 0.9985
10.39, -0.8858, 0.9988
10.40, -0.8835, 0.9991
10.41, -0.8811, 0.9993
10.42, -0.8787, 0.9995
10.43, -0.8763, 0.9997
10.44, -0.8739, 0.9998
10.45, -0.8715, 0.9999
10.46, -0.8690, 1.0000
10.47, -0.8665, 1.0000
10.48, -0.8640, 1.0000
10.49, -0.8615, 0.9999
10.50, -0.8589, 0.9999
10.51, -0.8564, 0.9997
10.52, -0.8538, 0.9996
10.53, -0.8512, 0.9994
10.54, -0.8485, 0.9992
10.55, -0.8459, 0.9989
10.56, -0.8432, 0.9986
10.57, -0.8405, 0.9983
10.58, -0.8378, 0.9979
10.59, -0.8350, 0.9975
10.60, -0.8323, 0.9971
10.61, -0.8295, 0.9966
10.62, -0.8267, 0.9961
10.63, -0.8239, 0.9955
10.64, -0.8210, 0.9949
10.65, -0.8181, 0.9943
10.66, -0.8153, 0.9936
10.67, -0.8124, 0.9929
10.68, -0.8094, 0.9922
10.69, -0.8065, 0.9915
10.70, -0.8035, 0.9907
10.71, -0.8005, 0.9898
10.72, -0.7975, 0.9889
10.73, -0.7945, 0.9880
10.74, -0.7915, 0.9871
10.75, -0.7884, 0.9861
10.76, -0.7853, 0.9851
10.77, -0.7822, 0.9841
10.78, -0.7791, 0.9830
10.79, -0.7759, 0.9819
10.80, -0.7728, 0.9807
10.81, -0.7696, 0.9795
10.82, -0.7664, 0.9783
10.83, -0.7632, 0.9770
10.84, -0.7599, 0.9757
10.85, -0.7567, 0.9744
10.86, -0.7534, 0.9730
10.87, -0.7501, 0.9716
10.88, -0.7468, 0.9702
10.89, -0.7434, 0.9687
10.90, -0.7401, 0.9672
10.91, -0.7367, 0.9657
10.92, -0.7333, 0.9641
10.93, -0.7299, 0.9625
10.94, -0.7265, 0.9608
10.95, -0.7230, 0.9591
10.96, -0.7196, 0.9574
10.97, -0.7161, 0.9557
10.98, -0.7126, 0.9539
10.99, -0.7091, 0.9521
11.00, -0.7055, 0.9502
11.01, -0.7020, 0.9483
11.02, -0.6984, 0.9464
11.03, -0.6948, 0.9445
11.04, -0.6912, 0.9425
11.05, -0.6876, 0.9405
11.06, -0.6840, 0.9384
11.07, -0.6803, 0.9363
11.08, -0.6766, 0.9342
11.09, -0.6729, 0.9320
11.10, -0.6692, 0.9298
11.11, -0.6655, 0.9276
11.12, -0.6618, 0.9254
11.13, -0.6580, 0.9231
11.14, -0.6542, 0.9207
11.15, -0.6505, 0.9184
11.16, -0.6467, 0.9160
11.17, -0.6428, 0.9136
11.18, -0.6390, 0.9111
11.19, -0.6351, 0.9086
11.20, -0.6313, 0.9061
11.21, -0.6274, 0.9035
11.22, -0.6235, 0.9010
11.23, -0.6196, 0.8983
11.24, -0.6156, 0.8957
11.25, -0.6117, 0.8930
11.26, -0.6077, 0.8903
11.27, -0.6037, 0.8875
11.28, -0.5997, 0.8848
11.29, -0.5957, 0.8819
11.30, -0.5917, 0.8791
11.31, -0.5877, 0.8762
11.32, -0.5836, 0.8733
11.33, -0.5796, 0.8704
11.34, -0.5755, 0.8674
11.35, -0.5714, 0.8644
11.36, -0.5673, 0.8614
11.37, -0.5631, 0.8583
11.38, -0.5590, 0.8552
11.39, -0.5549, 0.8521
11.40, -0.5507, 0.8489
11.41, -0.5465, 0.8458
11.42, -0.5423, 0.8425
11.43, -0.5381, 0.8393
11.44, -0.5339, 0.8360
11.45, -0.5296, 0.8327
11.46, -0.5254, 0.8294
11.47, -0.5211, 0.8260
11.48, -0.5169, 0.8226
11.49, -0.5126, 0.8192
11.50, -0.5083, 0.8157
11.51, -0.5040, 0.8122
11.52, -0.4996, 0.8087
11.53, -0.4953, 0.8052
11.54, -0.4910, 0.8016
11.55, -0.4866, 0.7980
11.56, -0.4822, 0.7944
11.57, -0.4778, 0.7907
11.58, -0.4734, 0.7870
11.59, -0.4690, 0.7833
11.60, -0.4646, 0.7796
11.61, -0.4602, 0.7758
11.62, -0.4557, 0.7720
11.63, -0.4513, 0.7682
11.64, -0.4468, 0.7643
11.65, -0.4423, 0.7604
11.66, -0.4378, 0.7565
11.67, -0.4333, 0.7526
11.68, -0.4288, 0.7486
11.69, -0.4243, 0.7446
11.70, -0.4198, 0.7406
11.71, -0.4152, 0.7366
11.72, -0.4107, 0.7325
11.73, -0.4061, 0.7284
11.74, -0.4015, 0.7243
11.75, -0.3969, 0.7201
11.76, -0.3924, 0.7159
11.77, -0.3877, 0.7117
11.78, -0.3831, 0.7075
11.79, -0.3785, 0.7033
11.80, -0.3739, 0.6990
11.81, -0.3692, 0.6947
11.82, -0.3646, 0.6904
11.83, -0.3599, 0.6860
11.84, -0.3553, 0.6816
11.85, -0.3506, 0.6772
11.86, -0.3459, 0.6728
11.87, -0.3412, 0.6683
11.88, -0.3365, 0.6639
11.89, -0.3318, 0.6594
11.90, -0.3271, 0.6548
11.91, -0.3223, 0.6503
11.92, -0.3176, 0.6457
11.93, -0.3128, 0.6411
11.94, -0.3081, 0.6365
11.95, -0.3033, 0.6319
11.96, -0.2986, 0.6272
11.97, -0.2938, 0.6225
11.98, -0.2890, 0.6178
11.99, -0.2842, 0.6131
12.00, -0.2794, 0.6084
12.01, -0.2746, 0.6036
12.02, -0.2698, 0.5988
12.03, -0.2650, 0.5940
12.04, -0.2602, 0.5891
12.05, -0.2553, 0.5843
12.06, -0.2505, 0.5794
12.07, -0.2456, 0.5745
12.08, -0.2408, 0.5696
12.09, -0.2359, 0.5646
12.10, -0.2311, 0.5597
12.11, -0.2262, 0.5547
12.12, -0.2213, 0.5497
12.13, -0.2165, 0.5447
12.14, -0.2116, 0.5396
12.15, -0.2067, 0.5346
12.16, -0.2018, 0.5295
12.17, -0.1969, 0.5244
12.18, -0.1920, 0.5193
12.19, -0.1871, 0.5141
12.20, -0.1822, 0.5090
12.21, -0.1772, 0.5038
12.22, -0.1723, 0.4986
12.23, -0.1674, 0.4934
12.24, -0.1625, 0.4882
12.25, -0.1575, 0.4829
12.26, -0.1526, 0.4777
12.27, -0.1476, 0.4724
12.28, -0.1427, 0.4671
12.29, -0.1377, 0.4618
12.30, -0.1328, 0.4564
12.31, -0.1278, 0.4511
12.32, -0.1229, 0.4457
12.33, -0.1179, 0.4403
12.34, -0.1129, 0.4349
12.35, -0.1080, 0.4295
12.36, -0.1030, 0.4241
12.37, -0.0980, 0.4187
12.38, -0.0931, 0.4132
12.39, -0.0881, 0.4077
12.40, -0.0831, 0.4023
12.41, -0.0781, 0.3968
12.42, -0.0731, 0.3912
12.43, -0.0681, 0.3857
12.44, -0.0631, 0.3802
12.45, -0.0582, 0.3746
12.46, -0.0532, 0.3690
12.47, -0.0482, 0.3635
12.48, -0.0432, 0.3579
12.49, -0.0382, 0.3523
12.50, -0.0332, 0.3466
12.51, -0.0282, 0.3410
12.52, -0.0232, 0.3354
12.53, -0.0182, 0.3297
12.54, -0.0132, 0.3240
12.55, -0.0082, 0.3183
12.56, -0.0032, 0.3127
12.57, 0.0018, 0.3069
12.58, 0.0068, 0.3012
12.59, 0.0118, 0.2955
12.60, 0.0168, 0.2898
12.61, 0.0218, 0.2840
12.62, 0.0268, 0.2783
12.63, 0.0318, 0.2725
12.64, 0.0368, 0.2667
12.65, 0.0418, 0.2609
12.66, 0.0468, 0.2551
12.67, 0.0518, 0.2493
12.68, 0.0568, 0.2435
12.69, 0.0618, 0.2377
12.70, 0.0668, 0.2319
12.71, 0.0718, 0.2260
12.72, 0.0767, 0.2202
12.73, 0.0817, 0.2143
12.74, 0.0867, 0.2084
12.75, 0.0917, 0.2026
12.76, 0.0967, 0.1967
12.77, 0.1016, 0.1908
12.78, 0.1066, 0.1849
12.79, 0.1116, 0.1790
12.80, 0.1165, 0.1731
12.81, 0.1215, 0.1672
12.82, 0.1265, 0.1613
12.83, 0.1314, 0.1553
12.84, 0.1364, 0.1494
12.85, 0.1413, 0.1435
12.86, 0.1463, 0.1375
12.87, 0.1512, 0.1316
12.88, 0.1562, 0.1256
12.89, 0.1611, 0.1197
12.90, 0.1660, 0.1137
12.91, 0.1710, 0.1078
12.92, 0.1759, 0.1018
12.93, 0.1808, 0.0958
12.94, 0.1857, 0.0899
12.95, 0.1906, 0.0839
12.96, 0.1955, 0.0779
12.97, 0.2004, 0.0719
12.98, 0.2053, 0.0659
12.99, 0.2102, 0.0599
13.00, 0.2151, 0.0540
13.01, 0.2200, 0.0480
13.02, 0.2249, 0.0420
13.03, 0.2297, 0.0360
13.04, 0.2346, 0.0300
13.05, 0.2395, 0.0240
13.06, 0.2443, 0.0180
13.07, 0.2492, 0.0120
13.08, 0.2540, 0.0060
13.09, 0.2588, -0.0000
13.10, 0.2637, -0.0060
13.11, 0.2685, -0.0120
13.12, 0.2733, -0.0180
13.13, 0.2781, -0.0240
13.14, 0.2829, -0.0300
13.15, 0.2877, -0.0360
13.16, 0.2925, -0.0420
13.17, 0.2973, -0.0480
13.18, 0.3020, -0.0540
13.19, 0.3068, -0.0600
13.20, 0.3115, -0.0660
13.21, 0.3163, -0.0720
13.22, 0.3210, -0.0779
13.23, 0.3258, -0.0839
13.24, 0.3305, -0.0899
13.25, 0.3352, -0.0959
13.26, 0.3399, -0.1018
13.27, 0.3446, -0.1078
13.28, 0.3493, -0.1138
13.29, 0.3540, -0.1197
13.30, 0.3586, -0.1257
13.31, 0.3633, -0.1316
13.32, 0.3680, -0.1376
13.33, 0.3726, -0.1435
13.34, 0.3772, -0.1495
13.35, 0.3819, -0.1554
13.36, 0.3865, -0.1613
13.37, 0.3911, -0.1672
13.38, 0.3957, -0.1731
13.39, 0.4003, -0.1790
13.40, 0.4048, -0.1849
13.41, 0.4094, -0.1908
13.42, 0.4140, -0.1967
13.43, 0.4185, -0.2026
13.44, 0.4231, -0.2085
13.45, 0.4276, -0.2143
13.46, 0.4321, -0.2202
13.47, 0.4366, -0.2260
13.48, 0.4411, -0.2319
13.49, 0.4456, -0.2377
13.50, 0.4500, -0.2435
13.51, 0.4545, -0.2494
13.52, 0.4590, -0.2552
13.53, 0.4634, -0.2610
13.54, 0.4678, -0.2667
13.55, 0.4722, -0.2725
13.56, 0.4766, -0.2783
13.57, 0.4810, -0.2841
13.58, 0.4854, -0.2898
13.59, 0.4898, -0.2955
13.60, 0.4941, -0.3013
13.61, 0.4985, -0.3070
13.62, 0.5028, -0.3127
13.63, 0.5071, -0.3184
13.64, 0.5114, -0.3241
13.65, 0.5157, -0.3297
13.66, 0.5200, -0.3354
13.67, 0.5242, -0.3410
13.68, 0.5285, -0.3467
13.69, 0.5327, -0.3523
13.70, 0.5369, -0.3579
13.71, 0.5412, -0.3635
13.72, 0.5454, -0.3691
13.73, 0.5495, -0.3746
13.74, 0.5537, -0.3802
13.75, 0.5579, -0.3857
13.76, 0.5620, -0.3913
13.77, 0.5661, -0.3968
13.78, 0.5703, -0.4023
13.79, 0.5744, -0.4078
13.80, 0.5784, -0.4132
13.81, 0.5825, -0.4187
13.82, 0.5866, -0.4241
13.83, 0.5906, -0.4296
13.84, 0.5946, -0.4350
13.85, 0.5987, -0.4404
13.86, 0.6026, -0.4458
13.87, 0.6066, -0.4511
13.88, 0.6106, -0.4565
13.89, 0.6145, -0.4618
13.90, 0.6185, -0.4671
13.91, 0.6224, -0.4724
13.92, 0.6263, -0.4777
13.93, 0.6302, -0.4829
13.94, 0.6341, -0.4882
13.95, 0.6379, -0.4934
13.96, 0.6418, -0.4986
13.97, 0.6456, -0.5038
13.98, 0.6494, -0.5090
13.99, 0.6532, -0.5142
14.00, 0.6570, -0.5193
14.01, 0.6607, -0.5244
14.02, 0.6645, -0.5295
14.03, 0.6682, -0.5346
14.04, 0.6719, -0.5396
14.05, 0.6756, -0.5447
14.06, 0.6793, -0.5497
14.07, 0.6830, -0.5547
14.08, 0.6866, -0.5597
14.09, 0.6902, -0.5647
14.10, 0.6938, -0.5696
14.11, 0.6974, -0.5745
14.12, 0.7010, -0.5794
14.13, 0.7046, -0.5843
14.14, 0.7081, -0.5892
14.15, 0.7116, -0.5940
14.16, 0.7151, -0.5988
14.17, 0.7186, -0.6036
14.18, 0.7221, -0.6084
14.19, 0.7255, -0.6131
14.20, 0.7290, -0.6179
14.21, 0.7324, -0.6226
14.22, 0.7358, -0.6273
14.23, 0.7392, -0.6319
14.24, 0.7425, -0.6366
14.25, 0.7459, -0.6412
14.26, 0.7492, -0.6458
14.27, 0.7525, -0.6503
14.28, 0.7558, -0.6549
14.29, 0.7590, -0.6594
14.30, 0.7623, -0.6639
14.31, 0.7655, -0.6684
14.32, 0.7687, -0.6728
14.33, 0.7719, -0.6772
14.34, 0.7751, -0.6817
14.35, 0.7782, -0.6860
14.36, 0.7813, -0.6904
14.37, 0.7845, -0.6947
14.38, 0.7875, -0.6990
14.39, 0.7906, -0.7033
14.40, 0.7937, -0.7075
14.41, 0.7967, -0.7118
14.42, 0.7997, -0.7160
14.43, 0.8027, -0.7201
14.44, 0.8057, -0.7243
14.45, 0.8086, -0.7284
14.46, 0.8116, -0.7325
14.47, 0.8145, -0.7366
14.48, 0.8174, -0.7406
14.49, 0.8202, -0.7447
14.50, 0.8231, -0.7486
14.51, 0.8259, -0.7526
14.52, 0.8287, -0.7565
14.53, 0.8315, -0.7605
14.54, 0.8343, -0.7643
14.55, 0.8370, -0.7682
14.56, 0.8397, -0.7720
14.57, 0.8425, -0.7758
14.58, 0.8451, -0.7796
14.59, 0.8478, -0.7833
14.60, 0.8504, -0.7871
14.61, 0.8531, -0.7907
14.62, 0.8557, -0.7944
14.63, 0.8582, -0.7980
14.64, 0.8608, -0.8016
14.65, 0.8633, -0.8052
14.66, 0.8658, -0.8087
14.67, 0.8683, -0.8123
14.68, 0.8708, -0.8157
14.69, 0.8732, -0.8192
14.70, 0.8757, -0.8226
14.71, 0.8781, -0.8260
14.72, 0.8805, -0.8294
14.73, 0.8828, -0.8327
14.74, 0.8851, -0.8360
14.75, 0.8875, -0.8393
14.76, 0.8898, -0.8426
14.77, 0.8920, -0.8458
14.78, 0.8943, -0.8490
14.79, 0.8965, -0.8521
14.80, 0.8987, -0.8552
14.81, 0.9009, -0.8583
14.82, 0.9030, -0.8614
14.83, 0.9052, -0.8644
14.84, 0.9073, -0.8674
14.85, 0.9094, -0.8704
14.86, 0.9115, -0.8733
14.87, 0.9135, -0.8762
14.88, 0.9155, -0.8791
14.89, 0.9175, -0.8820
14.90, 0.9195, -0.8848
14.91, 0.9215, -0.8876
14.92, 0.9234, -0.8903
14.93, 0.9253, -0.8930
14.94, 0.9272, -0.8957
14.95, 0.9290, -0.8984
14.96, 0.9309, -0.9010
14.97, 0.9327, -0.9036
14.98, 0.9345, -0.9061
14.99, 0.9363, -0.9086
15.00, 0.9380, -0.9111
15.01, 0.9397, -0.9136
15.02, 0.9414, -0.9160
15.03, 0.9431, -0.9184
15.04, 0.9447, -0.9208
15.05, 0.9464, -0.9231
15.06, 0.9480, -0.9254
15.07, 0.9496, -0.9276
15.08, 0.9511, -0.9299
15.09, 0.9526, -0.9320
15.10, 0.9542, -0.9342
15.11, 0.9556, -0.9363
15.12, 0.9571, -0.9384
15.13, 0.9585, -0.9405
15.14, 0.9599, -0.9425
15.15, 0.9613, -0.9445
15.16, 0.9627, -0.9464
15.17, 0.9640, -0.9484
15.18, 0.9654, -0.9502
15.19, 0.9667, -0.9521
15.20, 0.9679, -0.9539
15.21, 0.9692, -0.9557
15.22, 0.9704, -0.9574
15.23, 0.9716, -0.9592
15.24, 0.9728, -0.9608
15.25, 0.9739, -0.9625
15.26, 0.9750, -0.9641
15.27, 0.9761, -0.9657
15.28, 0.9772, -0.9672
15.29, 0.9782, -0.9687
15.30, 0.9793, -0.9702
15.31, 0.9803, -0.9716
15.32, 0.9812, -0.9730
15.33, 0.9822, -0.9744
15.34, 0.9831, -0.9757
15.35, 0.9840, -0.9770
15.36, 0.9849, -0.9783
15.37, 0.9858, -0.9795
15.38, 0.9866, -0.9807
15.39, 0.9874, -0.9819
15.40, 0.9882, -0.9830
15.41, 0.9889, -0.9841
15.42, 0.9897, -0.9851
15.43, 0.9904, -0.9861
15.44, 0.9910, -0.9871
15.45, 0.9917, -0.9880
15.46, 0.9923, -0.9890
15.47, 0.9929, -0.9898
15.48, 0.9935, -0.9907
15.49, 0.9941, -0.9915
15.50, 0.9946, -0.9922
15.51, 0.9951, -0.9930
15.52, 0.9956, -0.9936
15.53, 0.9960, -0.9943
15.54, 0.9965, -0.9949
15.55, 0.9969, -0.9955
15.56, 0.9973, -0.9961
15.57, 0.9976, -0.9966
15.58, 0.9980, -0.9971
15.59, 0.9983, -0.9975
15.60, 0.9985, -0.9979
15.61, 0.9988, -0.9983
15.62, 0.9990, -0.9986
15.63, 0.9992, -0.9989
15.64, 0.9994, -0.9992
15.65, 0.9996, -0.9994
15.66, 0.9997, -0.9996
15.67, 0.9998, -0.9997
15.68, 0.9999, -0.9999
15.69, 1.0000, -0.9999
15.70, 1.0000, -1.0000
15.71, 1.0000, -1.0000
15.72, 1.0000, -1.0000
15.73, 0.9999, -0.9999
15.74, 0.9999, -0.9998
15.75, 0.9998, -0.9997
15.76, 0.9997, -0.9995
15.77, 0.9995, -0.9993
15.78, 0.9994, -0.9991
15.79, 0.9992, -0.9988
15.80, 0.9989, -0.9985
15.81, 0.9987, -0.9981
15.82, 0.9984, -0.9977
15.83, 0.9981, -0.9973
15.84, 0.9978, -0.9969
15.85, 0.9975, -0.9964
15.86, 0.9971, -0.9958
15.87, 0.9967, -0.9953
15.88, 0.9963, -0.9947
15.89, 0.9959, -0.9940
15.90, 0.9954, -0.9934
15.91, 0.9949, -0.9927
15.92, 0.9944, -0.9919
15.93, 0.9938, -0.9911
15.94, 0.9933, -0.9903
15.95, 0.9927, -0.9895
15.96, 0.9921, -0.9886
15.97, 0.9914, -0.9877
15.98, 0.9908, -0.9867
15.99, 0.9901, -0.9857
16.00, 0.9894, -0.9847
16.01, 0.9886, -0.9836
16.02, 0.9879, -0.9825
16.03, 0.9871, -0.9814
16.04, 0.9863, -0.9802
16.05, 0.9854, -0.9790
16.06, 0.9845, -0.9778
16.07, 0.9837, -0.9765
16.08, 0.9827, -0.9752
16.09, 0.9818, -0.9738
16.10, 0.9808, -0.9725
16.11, 0.9799, -0.9710
16.12, 0.9789, -0.9696
16.13, 0.9778, -0.9681
16.14, 0.9768, -0.9666
16.15, 0.9757, -0.9650
16.16, 0.9746, -0.9634
16.17, 0.9734, -0.9618
16.18, 0.9723, -0.9602
16.19, 0.9711, -0.9585
16.20, 0.9699, -0.9567
16.21, 0.9687, -0.9550
16.22, 0.9674, -0.9532
16.23, 0.9661, -0.9513
16.24, 0.9648, -0.9495
16.25, 0.9635, -0.9476
16.26, 0.9621, -0.9456
16.27, 0.9608, -0.9437
16.28, 0.9594, -0.9417
16.29, 0.9580, -0.9396
16.30, 0.9565, -0.9376
16.31, 0.9550, -0.9355
16.32, 0.9535, -0.9333
16.33, 0.9520, -0.9312
16.34, 0.9505, -0.9290
16.35, 0.9489, -0.9267
16.36, 0.9473, -0.9244
16.37, 0.9457, -0.9221
16.38, 0.9441, -0.9198
16.39, 0.9424, -0.9174
16.40, 0.9407, -0.9150
16.41, 0.9390, -0.9126
16.42, 0.9373, -0.9101
16.43, 0.9355, -0.9076
16.44, 0.9338, -0.9051
16.45, 0.9320, -0.9025
16.46, 0.9301, -0.8999
16.47, 0.9283, -0.8973
16.48, 0.9264, -0.8946
16.49, 0.9245, -0.8919
16.50, 0.9226, -0.8892
16.51, 0.9207, -0.8864
16.52, 0.9187, -0.8836
16.53, 0.9167, -0.8808
16.54, 0.9147, -0.8780
16.55, 0.9127, -0.8751
16.56, 0.9106, -0.8721
16.57, 0.9085, -0.8692
16.58, 0.9064, -0.8662
16.59, 0.9043, -0.8632
16.60, 0.9022, -0.8602
16.61, 0.9000, -0.8571
16.62, 0.8978, -0.8540
16.63, 0.8956, -0.8508
16.64, 0.8934, -0.8477
16.65, 0.8911, -0.8445
16.66, 0.8888, -0.8412
16.67, 0.8865, -0.8380
16.68, 0.8842, -0.8347
16.69, 0.8819, -0.8314
16.70, 0.8795, -0.8280
16.71, 0.8771, -0.8246
16.72, 0.8747, -0.8212
16.73, 0.8722, -0.8178
16.74, 0.8698, -0.8143
16.75, 0.8673, -0.8108
16.76, 0.8648, -0.8073
16.77, 0.8623, -0.8038
16.78, 0.8597, -0.8002
16.79, 0.8572, -0.7966
16.80, 0.8546, -0.7929
16.81, 0.8520, -0.7892
16.82, 0.8494, -0.7855
16.83, 0.8467, -0.7818
16.84, 0.8440, -0.7781
16.85, 0.8414, -0.7743
16.86, 0.8386, -0.7705
16.87, 0.8359, -0.7666
16.88, 0.8331, -0.7628
16.89, 0.8304, -0.7589
16.90, 0.8276, -0.7549
16.91, 0.8248, -0.7510
16.92, 0.8219, -0.7470
16.93, 0.8191, -0.7430
16.94, 0.8162, -0.7390
16.95, 0.8133, -0.7349
16.96, 0.8104, -0.7309
16.97, 0.8074, -0.7267
16.98, 0.8045, -0.7226
16.99, 0.8015, -0.7185
17.00, 0.7985, -0.7143
17.01, 0.7955, -0.7101
17.02, 0.7924, -0.7058
17.03, 0.7894, -0.7016
17.04, 0.7863, -0.6973
17.05, 0.7832, -0.6930
17.06, 0.7801, -0.6886
17.07, 0.7769, -0.6842
17.08, 0.7738, -0.6799
17.09, 0.7706, -0.6754
17.10, 0.7674, -0.6710
17.11, 0.7642, -0.6666
17.12, 0.7610, -0.6621
17.13, 0.7577, -0.6576
17.14, 0.7544, -0.6530
17.15, 0.7511, -0.6485
17.16, 0.7478, -0.6439
17.17, 0.7445, -0.6393
17.18, 0.7411, -0.6347
17.19, 0.7378, -0.6300
17.20, 0.7344, -0.6253
17.21, 0.7310, -0.6207
17.22, 0.7276, -0.6159
17.23, 0.7241, -0.6112
17.24, 0.7207, -0.6064
17.25, 0.7172, -0.6017
17.26, 0.7137, -0.5969
17.27, 0.7102, -0.5920
17.28, 0.7067, -0.5872
17.29, 0.7031, -0.5823
17.30, 0.6996, -0.5774
17.31, 0.6960, -0.5725
17.32, 0.6924, -0.5676
17.33, 0.6888, -0.5626
17.34, 0.6851, -0.5577
17.35, 0.6815, -0.5527
17.36, 0.6778, -0.5477
17.37, 0.6741, -0.5426
17.38, 0.6704, -0.5376
17.39, 0.6667, -0.5325
17.40, 0.6630, -0.5274
17.41, 0.6592, -0.5223
17.42, 0.6554, -0.5172
17.43, 0.6517, -0.5121
17.44, 0.6479, -0.5069
17.45, 0.6440, -0.5017
17.46, 0.6402, -0.4965
17.47, 0.6364, -0.4913
17.48, 0.6325, -0.4861
17.49, 0.6286, -0.4808
17.50, 0.6247, -0.4755
17.51, 0.6208, -0.4703
17.52, 0.6169, -0.4649
17.53, 0.6129, -0.4596
17.54, 0.6090, -0.4543
17.55, 0.6050, -0.4489
17.56, 0.6010, -0.4436
17.57, 0.5970, -0.4382
17.58, 0.5930, -0.4328
17.59, 0.5890, -0.4274
17.60, 0.5849, -0.4219
17.61, 0.5809, -0.4165
17.62, 0.5768, -0.4110
17.63, 0.5727, -0.4055
17.64, 0.5686, -0.4001
17.65, 0.5645, -0.3945
17.66, 0.5603, -0.3890
17.67, 0.5562, -0.3835
17.68, 0.5520, -0.3779
17.69, 0.5478, -0.3724
17.70, 0.5436, -0.3668
17.71, 0.5394, -0.3612
17.72, 0.5352, -0.3556
17.73, 0.5310, -0.3500
17.74, 0.5268, -0.3444
17.75, 0.5225, -0.3387
17.76, 0.5182, -0.3331
17.77, 0.5139, -0.3274
17.78, 0.5097, -0.3217
17.79, 0.5053, -0.3161
17.80, 0.5010, -0.3104
17.81, 0.4967, -0.3047
17.82, 0.4923, -0.2989
17.83, 0.4880, -0.2932
17.84, 0.4836, -0.2875
17.85, 0.4792, -0.2817
17.86, 0.4748, -0.2759
17.87, 0.4704, -0.2702
17.88, 0.4660, -0.2644
17.89, 0.4616, -0.2586
17.90, 0.4571, -0.2528
17.91, 0.4527, -0.2470
17.92, 0.4482, -0.2412
17.93, 0.4437, -0.2353
17.94, 0.4393, -0.2295
17.95, 0.4348, -0.2237
17.96, 0.4303, -0.2178
17.97, 0.4257, -0.2120
17.98, 0.4212, -0.2061
17.99, 0.4167, -0.2002
18.00, 0.4121, -0.1943
18.01, 0.4076, -0.1884
18.02, 0.4030, -0.1825
18.03, 0.3984, -0.1766
18.04, 0.3938, -0.1707
18.05, 0.3892, -0.1648
18.06, 0.3846, -0.1589
18.07, 0.3800, -0.1530
18.08, 0.3754, -0.1470
18.09, 0.3707, -0.1411
18.10, 0.3661, -0.1352
18.11, 0.3614, -0.1292
18.12, 0.3567, -0.1233
18.13, 0.3521, -0.1173
18.14, 0.3474, -0.1113
18.15, 0.3427, -0.1054
18.16, 0.3380, -0.0994
18.17, 0.3333, -0.0934
18.18, 0.3286, -0.0875
18.19, 0.3238, -0.0815
18.20, 0.3191, -0.0755
18.21, 0.3144, -0.0695
18.22, 0.3096, -0.0635
18.23, 0.3048, -0.0575
18.24, 0.3001, -0.0516
18.25, 0.2953, -0.0456
18.26, 0.2905, -0.0396
18.27, 0.2857, -0.0336
18.28, 0.2809, -0.0276
18.29, 0.2761, -0.0216
18.30, 0.2713, -0.0156
18.31, 0.2665, -0.0096
18.32, 0.2617, -0.0036
18.33, 0.2569, 0.0024
18.34, 0.2520, 0.0084
18.35, 0.2472, 0.0144
18.36, 0.2423, 0.0204
18.37, 0.2375, 0.0264
18.38, 0.2326, 0.0324
18.39, 0.2278, 0.0384
18.40, 0.2229, 0.0444
18.41, 0.2180, 0.0504
18.42, 0.2131, 0.0564
18.43, 0.2082, 0.0624
18.44, 0.2033, 0.0684
18.45, 0.1985, 0.0744
18.46, 0.1935, 0.0803
18.47, 0.1886, 0.0863
18.48, 0.1837, 0.0923
18.49, 0.1788, 0.0983
18.50, 0.1739, 0.1042
18.51, 0.1690, 0.1102
18.52, 0.1640, 0.1162
18.53, 0.1591, 0.1221
18.54, 0.1542, 0.1281
18.55, 0.1492, 0.1340
18.56, 0.1443, 0.1400
18.57, 0.1393, 0.1459
18.58, 0.1344, 0.1518
18.59, 0.1294, 0.1578
18.60, 0.1245, 0.1637
18.61, 0.1195, 0.1696
18.62, 0.1145, 0.1755
18.63, 0.1096, 0.1814
18.64, 0.1046, 0.1873
18.65, 0.0996, 0.1932
18.66, 0.0946, 0.1991
18.67, 0.0897, 0.2050
18.68, 0.0847, 0.2108
18.69, 0.0797, 0.2167
18.70, 0.0747, 0.2225
18.71, 0.0697, 0.2284
18.72, 0.0647, 0.2342
18.73, 0.0597, 0.2401
18.74, 0.0548, 0.2459
18.75, 0.0498, 0.2517
18.76, 0.0448, 0.2575
18.77, 0.0398, 0.2633
18.78, 0.0348, 0.2691
18.79, 0.0298, 0.2748
18.80, 0.0248, 0.2806
18.81, 0.0198, 0.2864
18.82, 0.0148, 0.2921
18.83, 0.0098, 0.2978
18.84, 0.0048, 0.3036
18.85, -0.0002, 0.3093
18.86, -0.0052, 0.3150
18.87, -0.0102, 0.3207
18.88, -0.0152, 0.3263
18.89, -0.0202, 0.3320
18.90, -0.0252, 0.3377
18.91, -0.0302, 0.3433
18.92, -0.0352, 0.3489
18.93, -0.0402, 0.3545
18.94, -0.0452, 0.3601
18.95, -0.0502, 0.3657
18.96, -0.0552, 0.3713
18.97, -0.0602, 0.3769
18.98, -0.0652, 0.3824
18.99, -0.0702, 0.3880
19.00, -0.0752, 0.3935
19.01, -0.0801, 0.3990
19.02, -0.0851, 0.4045
19.03, -0.0901, 0.4100
19.04, -0.0951, 0.4154
19.05, -0.1001, 0.4209
19.06, -0.1050, 0.4263
19.07, -0.1100, 0.4317
19.08, -0.1150, 0.4371
19.09, -0.1199, 0.4425
19.10, -0.1249, 0.4479
19.11, -0.1299, 0.4533
19.12, -0.1348, 0.4586
19.13, -0.1398, 0.4639
19.14, -0.1447, 0.4692
19.15, -0.1497, 0.4745
19.16, -0.1546, 0.4798
19.17, -0.1595, 0.4851
19.18, -0.1645, 0.4903
19.19, -0.1694, 0.4955
19.20, -0.1743, 0.5007
19.21, -0.1792, 0.5059
19.22, -0.1842, 0.5111
19.23, -0.1891, 0.5162
19.24, -0.1940, 0.5213
19.25, -0.1989, 0.5265
19.26, -0.2038, 0.5315
19.27, -0.2087, 0.5366
19.28, -0.2136, 0.5417
19.29, -0.2184, 0.5467
19.30, -0.2233, 0.5517
19.31, -0.2282, 0.5567
19.32, -0.2331, 0.5617
19.33, -0.2379, 0.5666
19.34, -0.2428, 0.5716
19.35, -0.2476, 0.5765
19.36, -0.2525, 0.5814
19.37, -0.2573, 0.5863
19.38, -0.2621, 0.5911
19.39, -0.2669, 0.5959
19.40, -0.2718, 0.6007
19.41, -0.2766, 0.6055
19.42, -0.2814, 0.6103
19.43, -0.2862, 0.6150
19.44, -0.2910, 0.6198
19.45, -0.2957, 0.6244
19.46, -0.3005, 0.6291
19.47, -0.3053, 0.6338
19.48, -0.3100, 0.6384
19.49, -0.3148, 0.6430
19.50, -0.3195, 0.6476
19.51, -0.3243, 0.6522
19.52, -0.3290, 0.6567
19.53, -0.3337, 0.6612
19.54, -0.3384, 0.6657
19.55, -0.3431, 0.6702
19.56, -0.3478, 0.6746
19.57, -0.3525, 0.6790
19.58, -0.3572, 0.6834
19.59, -0.3618, 0.6878
19.60, -0.3665, 0.6921
19.61, -0.3711, 0.6964
19.62, -0.3758, 0.7007
19.63, -0.3804, 0.7050
19.64, -0.3850, 0.7092
19.65, -0.3896, 0.7135
19.66, -0.3942, 0.7177
19.67, -0.3988, 0.7218
19.68, -0.4034, 0.7260
19.69, -0.4080, 0.7301
19.70, -0.4125, 0.7342
19.71, -0.4171, 0.7382
19.72, -0.4216, 0.7423
19.73, -0.4261, 0.7463
19.74, -0.4307, 0.7502
19.75, -0.4352, 0.7542
19.76, -0.4397, 0.7581
19.77, -0.4441, 0.7620
19.78, -0.4486, 0.7659
19.79, -0.4531, 0.7697
19.80, -0.4575, 0.7736
19.81, -0.4620, 0.7773
19.82, -0.4664, 0.7811
19.83, -0.4708, 0.7848
19.84, -0.4752, 0.7885
19.85, -0.4796, 0.7922
19.86, -0.4840, 0.7959
19.87, -0.4884, 0.7995
19.88, -0.4927, 0.8031
19.89, -0.4971, 0.8066
19.90, -0.5014, 0.8102
19.91, -0.5057, 0.8137
19.92, -0.5100, 0.8171
19.93, -0.5143, 0.8206
19.94, -0.5186, 0.8240
19.95, -0.5229, 0.8274
19.96, -0.5271, 0.8307
19.97, -0.5314, 0.8341
19.98, -0.5356, 0.8374
19.99, -0.5398, 0.8406
