Tempo, ymx
0.00, 0.0000
0.01, 0.0000
0.02, 0.0030
0.03, 0.0060
0.04, 0.0090
0.05, 0.0120
0.06, 0.0150
0.07, 0.0180
0.08, 0.0210
0.09, 0.0240
0.10, 0.0270
0.11, 0.0300
0.12, 0.0330
0.13, 0.0360
0.14, 0.0390
0.15, 0.0420
0.16, 0.0450
0.17, 0.0479
0.18, 0.0509
0.19, 0.0539
0.20, 0.0569
0.21, 0.0599
0.22, 0.0629
0.23, 0.0659
0.24, 0.0688
0.25, 0.0718
0.26, 0.0748
0.27, 0.0778
0.28, 0.0808
0.29, 0.0837
0.30, 0.0867
0.31, 0.0897
0.32, 0.0926
0.33, 0.0956
0.34, 0.0986
0.35, 0.1015
0.36, 0.1045
0.37, 0.1074
0.38, 0.1104
0.39, 0.1133
0.40, 0.1163
0.41, 0.1192
0.42, 0.1221
0.43, 0.1251
0.44, 0.1280
0.45, 0.1309
0.46, 0.1339
0.47, 0.1368
0.48, 0.1397
0.49, 0.1426
0.50, 0.1455
0.51, 0.1484
0.52, 0.1513
0.53, 0.1542
0.54, 0.1571
0.55, 0.1600
0.56, 0.1629
0.57, 0.1658
0.58, 0.1687
0.59, 0.1716
0.60, 0.1744
0.61, 0.1773
0.62, 0.1802
0.63, 0.1830
0.64, 0.1859
0.65, 0.1887
0.66, 0.1916
0.67, 0.1944
0.68, 0.1973
0.69, 0.2001
0.70, 0.2029
0.71, 0.2057
0.72, 0.2086
0.73, 0.2114
0.74, 0.2142
0.75, 0.2170
0.76, 0.2198
0.77, 0.2226
0.78, 0.2253
0.79, 0.2281
0.80, 0.2309
0.81, 0.2337
0.82, 0.2364
0.83, 0.2392
0.84, 0.2419
0.85, 0.2447
0.86, 0.2474
0.87, 0.2501
0.88, 0.2528
0.89, 0.2556
0.90, 0.2583
0.91, 0.2610
0.92, 0.2637
0.93, 0.2664
0.94, 0.2691
0.95, 0.2717
0.96, 0.2744
0.97, 0.2771
0.98, 0.2797
0.99, 0.2824
1.00, 0.2850
1.01, 0.2877
1.02, 0.2903
1.03, 0.2929
1.04, 0.2955
1.05, 0.2981
1.06, 0.3007
1.07, 0.3033
1.08, 0.3059
1.09, 0.3085
1.10, 0.3111
1.11, 0.3136
1.12, 0.3162
1.13, 0.3187
1.14, 0.3212
1.15, 0.3238
1.16, 0.3263
1.17, 0.3288
1.18, 0.3313
1.19, 0.3338
1.20, 0.3363
1.21, 0.3388
1.22, 0.3413
1.23, 0.3437
1.24, 0.3462
1.25, 0.3486
1.26, 0.3511
1.27, 0.3535
1.28, 0.3559
1.29, 0.3583
1.30, 0.3607
1.31, 0.3631
1.32, 0.3655
1.33, 0.3679
1.34, 0.3702
1.35, 0.3726
1.36, 0.3749
1.37, 0.3773
1.38, 0.3796
1.39, 0.3819
1.40, 0.3842
1.41, 0.3865
1.42, 0.3888
1.43, 0.3911
1.44, 0.3934
1.45, 0.3956
1.46, 0.3979
1.47, 0.4001
1.48, 0.4024
1.49, 0.4046
1.50, 0.4068
1.51, 0.4090
1.52, 0.4112
1.53, 0.4134
1.54, 0.4155
1.55, 0.4177
1.56, 0.4198
1.57, 0.4220
1.58, 0.4241
1.59, 0.4262
1.60, 0.4283
1.61, 0.4304
1.62, 0.4325
1.63, 0.4346
1.64, 0.4366
1.65, 0.4387
1.66, 0.4407
1.67, 0.4428
1.68, 0.4448
1.69, 0.4468
1.70, 0.4488
1.71, 0.4508
1.72, 0.4527
1.73, 0.4547
1.74, 0.4567
1.75, 0.4586
1.76, 0.4605
1.77, 0.4624
1.78, 0.4643
1.79, 0.4662
1.80, 0.4681
1.81, 0.4700
1.82, 0.4719
1.83, 0.4737
1.84, 0.4755
1.85, 0.4774
1.86, 0.4792
1.87, 0.4810
1.88, 0.4828
1.89, 0.4845
1.90, 0.4863
1.91, 0.4880
1.92, 0.4898
1.93, 0.4915
1.94, 0.4932
1.95, 0.4949
1.96, 0.4966
1.97, 0.4983
1.98, 0.5000
1.99, 0.5016
2.00, 0.5033
2.01, 0.5049
2.02, 0.5065
2.03, 0.5081
2.04, 0.5097
2.05, 0.5113
2.06, 0.5128
2.07, 0.5144
2.08, 0.5159
2.09, 0.5174
2.10, 0.5190
2.11, 0.5205
2.12, 0.5219
2.13, 0.5234
2.14, 0.5249
2.15, 0.5263
2.16, 0.5278
2.17, 0.5292
2.18, 0.5306
2.19, 0.5320
2.20, 0.5334
2.21, 0.5347
2.22, 0.5361
2.23, 0.5374
2.24, 0.5387
2.25, 0.5401
2.26, 0.5414
2.27, 0.5426
2.28, 0.5439
2.29, 0.5452
2.30, 0.5464
2.31, 0.5477
2.32, 0.5489
2.33, 0.5501
2.34, 0.5513
2.35, 0.5525
2.36, 0.5536
2.37, 0.5548
2.38, 0.5559
2.39, 0.5570
2.40, 0.5581
2.41, 0.5592
2.42, 0.5603
2.43, 0.5614
2.44, 0.5624
2.45, 0.5635
2.46, 0.5645
2.47, 0.5655
2.48, 0.5665
2.49, 0.5675
2.50, 0.5684
2.51, 0.5694
2.52, 0.5703
2.53, 0.5713
2.54, 0.5722
2.55, 0.5731
2.56, 0.5739
2.57, 0.5748
2.58, 0.5757
2.59, 0.5765
2.60, 0.5773
2.61, 0.5781
2.62, 0.5789
2.63, 0.5797
2.64, 0.5805
2.65, 0.5812
2.66, 0.5820
2.67, 0.5827
2.68, 0.5834
2.69, 0.5841
2.70, 0.5848
2.71, 0.5854
2.72, 0.5861
2.73, 0.5867
2.74, 0.5873
2.75, 0.5879
2.76, 0.5885
2.77, 0.5891
2.78, 0.5897
2.79, 0.5902
2.80, 0.5908
2.81, 0.5913
2.82, 0.5918
2.83, 0.5923
2.84, 0.5927
2.85, 0.5932
2.86, 0.5936
2.87, 0.5941
2.88, 0.5945
2.89, 0.5949
2.90, 0.5953
2.91, 0.5956
2.92, 0.5960
2.93, 0.5963
2.94, 0.5966
2.95, 0.5970
2.96, 0.5972
2.97, 0.5975
2.98, 0.5978
2.99, 0.5980
3.00, 0.5983
3.01, 0.5985
3.02, 0.5987
3.03, 0.5989
3.04, 0.5991
3.05, 0.5992
3.06, 0.5994
3.07, 0.5995
3.08, 0.5996
3.09, 0.5997
3.10, 0.5998
3.11, 0.5999
3.12, 0.5999
3.13, 0.6000
3.14, 0.6000
3.15, 0.6000
3.16, 0.6000
3.17, 0.6000
3.18, 0.5999
3.19, 0.5999
3.20, 0.5998
3.21, 0.5997
3.22, 0.5996
3.23, 0.5995
3.24, 0.5994
3.25, 0.5993
3.26, 0.5991
3.27, 0.5989
3.28, 0.5988
3.29, 0.5986
3.30, 0.5983
3.31, 0.5981
3.32, 0.5979
3.33, 0.5976
3.34, 0.5973
3.35, 0.5971
3.36, 0.5967
3.37, 0.5964
3.38, 0.5961
3.39, 0.5957
3.40, 0.5954
3.41, 0.5950
3.42, 0.5946
3.43, 0.5942
3.44, 0.5938
3.45, 0.5933
3.46, 0.5929
3.47, 0.5924
3.48, 0.5919
3.49, 0.5914
3.50, 0.5909
3.51, 0.5904
3.52, 0.5898
3.53, 0.5893
3.54, 0.5887
3.55, 0.5881
3.56, 0.5875
3.57, 0.5869
3.58, 0.5863
3.59, 0.5856
3.60, 0.5850
3.61, 0.5843
3.62, 0.5836
3.63, 0.5829
3.64, 0.5822
3.65, 0.5815
3.66, 0.5807
3.67, 0.5800
3.68, 0.5792
3.69, 0.5784
3.70, 0.5776
3.71, 0.5768
3.72, 0.5759
3.73, 0.5751
3.74, 0.5742
3.75, 0.5733
3.76, 0.5725
3.77, 0.5715
3.78, 0.5706
3.79, 0.5697
3.80, 0.5687
3.81, 0.5678
3.82, 0.5668
3.83, 0.5658
3.84, 0.5648
3.85, 0.5638
3.86, 0.5628
3.87, 0.5617
3.88, 0.5606
3.89, 0.5596
3.90, 0.5585
3.91, 0.5574
3.92, 0.5563
3.93, 0.5551
3.94, 0.5540
3.95, 0.5528
3.96, 0.5516
3.97, 0.5505
3.98, 0.5493
3.99, 0.5480
4.00, 0.5468
4.01, 0.5456
4.02, 0.5443
4.03, 0.5431
4.04, 0.5418
4.05, 0.5405
4.06, 0.5392
4.07, 0.5378
4.08, 0.5365
4.09, 0.5352
4.10, 0.5338
4.11, 0.5324
4.12, 0.5310
4.13, 0.5296
4.14, 0.5282
4.15, 0.5268
4.16, 0.5253
4.17, 0.5239
4.18, 0.5224
4.19, 0.5209
4.20, 0.5194
4.21, 0.5179
4.22, 0.5164
4.23, 0.5149
4.24, 0.5133
4.25, 0.5118
4.26, 0.5102
4.27, 0.5086
4.28, 0.5070
4.29, 0.5054
4.30, 0.5038
4.31, 0.5021
4.32, 0.5005
4.33, 0.4988
4.34, 0.4972
4.35, 0.4955
4.36, 0.4938
4.37, 0.4921
4.38, 0.4903
4.39, 0.4886
4.40, 0.4869
4.41, 0.4851
4.42, 0.4833
4.43, 0.4815
4.44, 0.4797
4.45, 0.4779
4.46, 0.4761
4.47, 0.4743
4.48, 0.4724
4.49, 0.4706
4.50, 0.4687
4.51, 0.4668
4.52, 0.4650
4.53, 0.4631
4.54, 0.4611
4.55, 0.4592
4.56, 0.4573
4.57, 0.4553
4.58, 0.4534
4.59, 0.4514
4.60, 0.4494
4.61, 0.4474
4.62, 0.4454
4.63, 0.4434
4.64, 0.4414
4.65, 0.4393
4.66, 0.4373
4.67, 0.4352
4.68, 0.4332
4.69, 0.4311
4.70, 0.4290
4.71, 0.4269
4.72, 0.4248
4.73, 0.4226
4.74, 0.4205
4.75, 0.4184
4.76, 0.4162
4.77, 0.4140
4.78, 0.4119
4.79, 0.4097
4.80, 0.4075
4.81, 0.4053
4.82, 0.4031
4.83, 0.4008
4.84, 0.3986
4.85, 0.3963
4.86, 0.3941
4.87, 0.3918
4.88, 0.3895
4.89, 0.3873
4.90, 0.3850
4.91, 0.3827
4.92, 0.3803
4.93, 0.3780
4.94, 0.3757
4.95, 0.3733
4.96, 0.3710
4.97, 0.3686
4.98, 0.3663
4.99, 0.3639
5.00, 0.3615
5.01, 0.3591
5.02, 0.3567
5.03, 0.3543
5.04, 0.3518
5.05, 0.3494
5.06, 0.3470
5.07, 0.3445
5.08, 0.3420
5.09, 0.3396
5.10, 0.3371
5.11, 0.3346
5.12, 0.3321
5.13, 0.3296
5.14, 0.3271
5.15, 0.3246
5.16, 0.3221
5.17, 0.3195
5.18, 0.3170
5.19, 0.3144
5.20, 0.3119
5.21, 0.3093
5.22, 0.3067
5.23, 0.3041
5.24, 0.3016
5.25, 0.2990
5.26, 0.2964
5.27, 0.2937
5.28, 0.2911
5.29, 0.2885
5.30, 0.2859
5.31, 0.2832
5.32, 0.2806
5.33, 0.2779
5.34, 0.2753
5.35, 0.2726
5.36, 0.2699
5.37, 0.2672
5.38, 0.2645
5.39, 0.2618
5.40, 0.2591
5.41, 0.2564
5.42, 0.2537
5.43, 0.2510
5.44, 0.2483
5.45, 0.2455
5.46, 0.2428
5.47, 0.2400
5.48, 0.2373
5.49, 0.2345
5.50, 0.2318
5.51, 0.2290
5.52, 0.2262
5.53, 0.2234
5.54, 0.2207
5.55, 0.2179
5.56, 0.2151
5.57, 0.2123
5.58, 0.2094
5.59, 0.2066
5.60, 0.2038
5.61, 0.2010
5.62, 0.1982
5.63, 0.1953
5.64, 0.1925
5.65, 0.1896
5.66, 0.1868
5.67, 0.1839
5.68, 0.1811
5.69, 0.1782
5.70, 0.1754
5.71, 0.1725
5.72, 0.1696
5.73, 0.1667
5.74, 0.1638
5.75, 0.1610
5.76, 0.1581
5.77, 0.1552
5.78, 0.1523
5.79, 0.1494
5.80, 0.1465
5.81, 0.1435
5.82, 0.1406
5.83, 0.1377
5.84, 0.1348
5.85, 0.1319
5.86, 0.1289
5.87, 0.1260
5.88, 0.1231
5.89, 0.1201
5.90, 0.1172
5.91, 0.1143
5.92, 0.1113
5.93, 0.1084
5.94, 0.1054
5.95, 0.1025
5.96, 0.0995
5.97, 0.0965
5.98, 0.0936
5.99, 0.0906
6.00, 0.0876
6.01, 0.0847
6.02, 0.0817
6.03, 0.0787
6.04, 0.0758
6.05, 0.0728
6.06, 0.0698
6.07, 0.0668
6.08, 0.0638
6.09, 0.0609
6.10, 0.0579
6.11, 0.0549
6.12, 0.0519
6.13, 0.0489
6.14, 0.0459
6.15, 0.0429
6.16, 0.0399
6.17, 0.0369
6.18, 0.0339
6.19, 0.0309
6.20, 0.0279
6.21, 0.0249
6.22, 0.0220
6.23, 0.0190
6.24, 0.0160
6.25, 0.0130
6.26, 0.0100
6.27, 0.0070
6.28, 0.0040
6.29, 0.0010
6.30, -0.0020
6.31, -0.0050
6.32, -0.0080
6.33, -0.0110
6.34, -0.0140
6.35, -0.0170
6.36, -0.0200
6.37, -0.0230
6.38, -0.0260
6.39, -0.0290
6.40, -0.0320
6.41, -0.0350
6.42, -0.0380
6.43, -0.0410
6.44, -0.0440
6.45, -0.0470
6.46, -0.0500
6.47, -0.0530
6.48, -0.0560
6.49, -0.0589
6.50, -0.0619
6.51, -0.0649
6.52, -0.0679
6.53, -0.0709
6.54, -0.0739
6.55, -0.0768
6.56, -0.0798
6.57, -0.0828
6.58, -0.0857
6.59, -0.0887
6.60, -0.0917
6.61, -0.0946
6.62, -0.0976
6.63, -0.1006
6.64, -0.1035
6.65, -0.1065
6.66, -0.1094
6.67, -0.1124
6.68, -0.1153
6.69, -0.1183
6.70, -0.1212
6.71, -0.1241
6.72, -0.1271
6.73, -0.1300
6.74, -0.1329
6.75, -0.1359
6.76, -0.1388
6.77, -0.1417
6.78, -0.1446
6.79, -0.1475
6.80, -0.1504
6.81, -0.1533
6.82, -0.1562
6.83, -0.1591
6.84, -0.1620
6.85, -0.1649
6.86, -0.1678
6.87, -0.1707
6.88, -0.1735
6.89, -0.1764
6.90, -0.1793
6.91, -0.1821
6.92, -0.1850
6.93, -0.1878
6.94, -0.1907
6.95, -0.1935
6.96, -0.1964
6.97, -0.1992
6.98, -0.2020
6.99, -0.2048
7.00, -0.2077
7.01, -0.2105
7.02, -0.2133
7.03, -0.2161
7.04, -0.2189
7.05, -0.2217
7.06, -0.2244
7.07, -0.2272
7.08, -0.2300
7.09, -0.2328
7.10, -0.2355
7.11, -0.2383
7.12, -0.2410
7.13, -0.2438
7.14, -0.2465
7.15, -0.2493
7.16, -0.2520
7.17, -0.2547
7.18, -0.2574
7.19, -0.2601
7.20, -0.2628
7.21, -0.2655
7.22, -0.2682
7.23, -0.2709
7.24, -0.2736
7.25, -0.2762
7.26, -0.2789
7.27, -0.2815
7.28, -0.2842
7.29, -0.2868
7.30, -0.2894
7.31, -0.2921
7.32, -0.2947
7.33, -0.2973
7.34, -0.2999
7.35, -0.3025
7.36, -0.3051
7.37, -0.3077
7.38, -0.3102
7.39, -0.3128
7.40, -0.3154
7.41, -0.3179
7.42, -0.3204
7.43, -0.3230
7.44, -0.3255
7.45, -0.3280
7.46, -0.3305
7.47, -0.3330
7.48, -0.3355
7.49, -0.3380
7.50, -0.3405
7.51, -0.3429
7.52, -0.3454
7.53, -0.3478
7.54, -0.3503
7.55, -0.3527
7.56, -0.3551
7.57, -0.3576
7.58, -0.3600
7.59, -0.3624
7.60, -0.3647
7.61, -0.3671
7.62, -0.3695
7.63, -0.3718
7.64, -0.3742
7.65, -0.3765
7.66, -0.3789
7.67, -0.3812
7.68, -0.3835
7.69, -0.3858
7.70, -0.3881
7.71, -0.3904
7.72, -0.3926
7.73, -0.3949
7.74, -0.3972
7.75, -0.3994
7.76, -0.4016
7.77, -0.4039
7.78, -0.4061
7.79, -0.4083
7.80, -0.4105
7.81, -0.4127
7.82, -0.4148
7.83, -0.4170
7.84, -0.4191
7.85, -0.4213
7.86, -0.4234
7.87, -0.4255
7.88, -0.4276
7.89, -0.4297
7.90, -0.4318
7.91, -0.4339
7.92, -0.4360
7.93, -0.4380
7.94, -0.4401
7.95, -0.4421
7.96, -0.4441
7.97, -0.4461
7.98, -0.4481
7.99, -0.4501
8.00, -0.4521
8.01, -0.4541
8.02, -0.4560
8.03, -0.4580
8.04, -0.4599
8.05, -0.4618
8.06, -0.4637
8.07, -0.4656
8.08, -0.4675
8.09, -0.4694
8.10, -0.4713
8.11, -0.4731
8.12, -0.4750
8.13, -0.4768
8.14, -0.4786
8.15, -0.4804
8.16, -0.4822
8.17, -0.4840
8.18, -0.4857
8.19, -0.4875
8.20, -0.4892
8.21, -0.4910
8.22, -0.4927
8.23, -0.4944
8.24, -0.4961
8.25, -0.4978
8.26, -0.4994
8.27, -0.5011
8.28, -0.5027
8.29, -0.5044
8.30, -0.5060
8.31, -0.5076
8.32, -0.5092
8.33, -0.5108
8.34, -0.5123
8.35, -0.5139
8.36, -0.5154
8.37, -0.5170
8.38, -0.5185
8.39, -0.5200
8.40, -0.5215
8.41, -0.5229
8.42, -0.5244
8.43, -0.5259
8.44, -0.5273
8.45, -0.5287
8.46, -0.5301
8.47, -0.5315
8.48, -0.5329
8.49, -0.5343
8.50, -0.5356
8.51, -0.5370
8.52, -0.5383
8.53, -0.5396
8.54, -0.5409
8.55, -0.5422
8.56, -0.5435
8.57, -0.5448
8.58, -0.5460
8.59, -0.5473
8.60, -0.5485
8.61, -0.5497
8.62, -0.5509
8.63, -0.5521
8.64, -0.5532
8.65, -0.5544
8.66, -0.5555
8.67, -0.5567
8.68, -0.5578
8.69, -0.5589
8.70, -0.5600
8.71, -0.5610
8.72, -0.5621
8.73, -0.5631
8.74, -0.5642
8.75, -0.5652
8.76, -0.5662
8.77, -0.5672
8.78, -0.5681
8.79, -0.5691
8.80, -0.5700
8.81, -0.5710
8.82, -0.5719
8.83, -0.5728
8.84, -0.5737
8.85, -0.5745
8.86, -0.5754
8.87, -0.5762
8.88, -0.5771
8.89, -0.5779
8.90, -0.5787
8.91, -0.5795
8.92, -0.5802
8.93, -0.5810
8.94, -0.5817
8.95, -0.5825
8.96, -0.5832
8.97, -0.5839
8.98, -0.5846
8.99, -0.5852
9.00, -0.5859
9.01, -0.5865
9.02, -0.5871
9.03, -0.5878
9.04, -0.5883
9.05, -0.5889
9.06, -0.5895
9.07, -0.5900
9.08, -0.5906
9.09, -0.5911
9.10, -0.5916
9.11, -0.5921
9.12, -0.5926
9.13, -0.5930
9.14, -0.5935
9.15, -0.5939
9.16, -0.5943
9.17, -0.5947
9.18, -0.5951
9.19, -0.5955
9.20, -0.5959
9.21, -0.5962
9.22, -0.5965
9.23, -0.5969
9.24, -0.5972
9.25, -0.5974
9.26, -0.5977
9.27, -0.5980
9.28, -0.5982
9.29, -0.5984
9.30, -0.5986
9.31, -0.5988
9.32, -0.5990
9.33, -0.5992
9.34, -0.5993
9.35, -0.5995
9.36, -0.5996
9.37, -0.5997
9.38, -0.5998
9.39, -0.5998
9.40, -0.5999
9.41, -0.6000
9.42, -0.6000
9.43, -0.6000
9.44, -0.6000
9.45, -0.6000
9.46, -0.6000
9.47, -0.5999
9.48, -0.5998
9.49, -0.5998
9.50, -0.5997
9.51, -0.5996
9.52, -0.5995
9.53, -0.5993
9.54, -0.5992
9.55, -0.5990
9.56, -0.5988
9.57, -0.5986
9.58, -0.5984
9.59, -0.5982
9.60, -0.5980
9.61, -0.5977
9.62, -0.5974
9.63, -0.5971
9.64, -0.5968
9.65, -0.5965
9.66, -0.5962
9.67, -0.5959
9.68, -0.5955
9.69, -0.5951
9.70, -0.5947
9.71, -0.5943
9.72, -0.5939
9.73, -0.5935
9.74, -0.5930
9.75, -0.5926
9.76, -0.5921
9.77, -0.5916
9.78, -0.5911
9.79, -0.5906
9.80, -0.5900
9.81, -0.5895
9.82, -0.5889
9.83, -0.5883
9.84, -0.5877
9.85, -0.5871
9.86, -0.5865
9.87, -0.5858
9.88, -0.5852
9.89, -0.5845
9.90, -0.5838
9.91, -0.5831
9.92, -0.5824
9.93, -0.5817
9.94, -0.5810
9.95, -0.5802
9.96, -0.5794
9.97, -0.5786
9.98, -0.5778
9.99, -0.5770
10.00, -0.5762
10.01, -0.5754
10.02, -0.5745
10.03, -0.5736
10.04, -0.5727
10.05, -0.5718
10.06, -0.5709
10.07, -0.5700
10.08, -0.5690
10.09, -0.5681
10.10, -0.5671
10.11, -0.5661
10.12, -0.5651
10.13, -0.5641
10.14, -0.5631
10.15, -0.5620
10.16, -0.5610
10.17, -0.5599
10.18, -0.5588
10.19, -0.5577
10.20, -0.5566
10.21, -0.5555
10.22, -0.5543
10.23, -0.5532
10.24, -0.5520
10.25, -0.5508
10.26, -0.5496
10.27, -0.5484
10.28, -0.5472
10.29, -0.5460
10.30, -0.5447
10.31, -0.5435
10.32, -0.5422
10.33, -0.5409
10.34, -0.5396
10.35, -0.5383
10.36, -0.5369
10.37, -0.5356
10.38, -0.5342
10.39, -0.5329
10.40, -0.5315
10.41, -0.5301
10.42, -0.5287
10.43, -0.5272
10.44, -0.5258
10.45, -0.5243
10.46, -0.5229
10.47, -0.5214
10.48, -0.5199
10.49, -0.5184
10.50, -0.5169
10.51, -0.5154
10.52, -0.5138
10.53, -0.5123
10.54, -0.5107
10.55, -0.5091
10.56, -0.5075
10.57, -0.5059
10.58, -0.5043
10.59, -0.5027
10.60, -0.5010
10.61, -0.4994
10.62, -0.4977
10.63, -0.4960
10.64, -0.4943
10.65, -0.4926
10.66, -0.4909
10.67, -0.4892
10.68, -0.4874
10.69, -0.4857
10.70, -0.4839
10.71, -0.4821
10.72, -0.4803
10.73, -0.4785
10.74, -0.4767
10.75, -0.4749
10.76, -0.4730
10.77, -0.4712
10.78, -0.4693
10.79, -0.4674
10.80, -0.4656
10.81, -0.4637
10.82, -0.4617
10.83, -0.4598
10.84, -0.4579
10.85, -0.4560
10.86, -0.4540
10.87, -0.4520
10.88, -0.4500
10.89, -0.4481
10.90, -0.4461
10.91, -0.4440
10.92, -0.4420
10.93, -0.4400
10.94, -0.4379
10.95, -0.4359
10.96, -0.4338
10.97, -0.4317
10.98, -0.4297
10.99, -0.4276
11.00, -0.4254
11.01, -0.4233
11.02, -0.4212
11.03, -0.4191
11.04, -0.4169
11.05, -0.4147
11.06, -0.4126
11.07, -0.4104
11.08, -0.4082
11.09, -0.4060
11.10, -0.4038
11.11, -0.4015
11.12, -0.3993
11.13, -0.3971
11.14, -0.3948
11.15, -0.3925
11.16, -0.3903
11.17, -0.3880
11.18, -0.3857
11.19, -0.3834
11.20, -0.3811
11.21, -0.3788
11.22, -0.3764
11.23, -0.3741
11.24, -0.3717
11.25, -0.3694
11.26, -0.3670
11.27, -0.3646
11.28, -0.3622
11.29, -0.3598
11.30, -0.3574
11.31, -0.3550
11.32, -0.3526
11.33, -0.3502
11.34, -0.3477
11.35, -0.3453
11.36, -0.3428
11.37, -0.3404
11.38, -0.3379
11.39, -0.3354
11.40, -0.3329
11.41, -0.3304
11.42, -0.3279
11.43, -0.3254
11.44, -0.3229
11.45, -0.3203
11.46, -0.3178
11.47, -0.3152
11.48, -0.3127
11.49, -0.3101
11.50, -0.3075
11.51, -0.3050
11.52, -0.3024
11.53, -0.2998
11.54, -0.2972
11.55, -0.2946
11.56, -0.2920
11.57, -0.2893
11.58, -0.2867
11.59, -0.2841
11.60, -0.2814
11.61, -0.2788
11.62, -0.2761
11.63, -0.2734
11.64, -0.2708
11.65, -0.2681
11.66, -0.2654
11.67, -0.2627
11.68, -0.2600
11.69, -0.2573
11.70, -0.2546
11.71, -0.2519
11.72, -0.2491
11.73, -0.2464
11.74, -0.2437
11.75, -0.2409
11.76, -0.2382
11.77, -0.2354
11.78, -0.2326
11.79, -0.2299
11.80, -0.2271
11.81, -0.2243
11.82, -0.2215
11.83, -0.2188
11.84, -0.2160
11.85, -0.2132
11.86, -0.2103
11.87, -0.2075
11.88, -0.2047
11.89, -0.2019
11.90, -0.1991
11.91, -0.1962
11.92, -0.1934
11.93, -0.1906
11.94, -0.1877
11.95, -0.1849
11.96, -0.1820
11.97, -0.1791
11.98, -0.1763
11.99, -0.1734
12.00, -0.1705
12.01, -0.1676
12.02, -0.1648
12.03, -0.1619
12.04, -0.1590
12.05, -0.1561
12.06, -0.1532
12.07, -0.1503
12.08, -0.1474
12.09, -0.1445
12.10, -0.1416
12.11, -0.1386
12.12, -0.1357
12.13, -0.1328
12.14, -0.1299
12.15, -0.1269
12.16, -0.1240
12.17, -0.1211
12.18, -0.1181
12.19, -0.1152
12.20, -0.1122
12.21, -0.1093
12.22, -0.1063
12.23, -0.1034
12.24, -0.1004
12.25, -0.0975
12.26, -0.0945
12.27, -0.0916
12.28, -0.0886
12.29, -0.0856
12.30, -0.0826
12.31, -0.0797
12.32, -0.0767
12.33, -0.0737
12.34, -0.0707
12.35, -0.0678
12.36, -0.0648
12.37, -0.0618
12.38, -0.0588
12.39, -0.0558
12.40, -0.0528
12.41, -0.0499
12.42, -0.0469
12.43, -0.0439
12.44, -0.0409
12.45, -0.0379
12.46, -0.0349
12.47, -0.0319
12.48, -0.0289
12.49, -0.0259
12.50, -0.0229
12.51, -0.0199
12.52, -0.0169
12.53, -0.0139
12.54, -0.0109
12.55, -0.0079
12.56, -0.0049
12.57, -0.0019
12.58, 0.0011
12.59, 0.0041
12.60, 0.0071
12.61, 0.0101
12.62, 0.0131
12.63, 0.0161
12.64, 0.0191
12.65, 0.0221
12.66, 0.0251
12.67, 0.0281
12.68, 0.0311
12.69, 0.0341
12.70, 0.0371
12.71, 0.0401
12.72, 0.0431
12.73, 0.0460
12.74, 0.0490
12.75, 0.0520
12.76, 0.0550
12.77, 0.0580
12.78, 0.0610
12.79, 0.0640
12.80, 0.0669
12.81, 0.0699
12.82, 0.0729
12.83, 0.0759
12.84, 0.0789
12.85, 0.0818
12.86, 0.0848
12.87, 0.0878
12.88, 0.0907
12.89, 0.0937
12.90, 0.0967
12.91, 0.0996
12.92, 0.1026
12.93, 0.1055
12.94, 0.1085
12.95, 0.1114
12.96, 0.1144
12.97, 0.1173
12.98, 0.1203
12.99, 0.1232
13.00, 0.1261
13.01, 0.1291
13.02, 0.1320
13.03, 0.1349
13.04, 0.1378
13.05, 0.1408
13.06, 0.1437
13.07, 0.1466
13.08, 0.1495
13.09, 0.1524
13.10, 0.1553
13.11, 0.1582
13.12, 0.1611
13.13, 0.1640
13.14, 0.1669
13.15, 0.1697
13.16, 0.1726
13.17, 0.1755
13.18, 0.1784
13.19, 0.1812
13.20, 0.1841
13.21, 0.1869
13.22, 0.1898
13.23, 0.1926
13.24, 0.1955
13.25, 0.1983
13.26, 0.2011
13.27, 0.2039
13.28, 0.2068
13.29, 0.2096
13.30, 0.2124
13.31, 0.2152
13.32, 0.2180
13.33, 0.2208
13.34, 0.2236
13.35, 0.2263
13.36, 0.2291
13.37, 0.2319
13.38, 0.2347
13.39, 0.2374
13.40, 0.2402
13.41, 0.2429
13.42, 0.2457
13.43, 0.2484
13.44, 0.2511
13.45, 0.2538
13.46, 0.2565
13.47, 0.2593
13.48, 0.2620
13.49, 0.2647
13.50, 0.2673
13.51, 0.2700
13.52, 0.2727
13.53, 0.2754
13.54, 0.2780
13.55, 0.2807
13.56, 0.2833
13.57, 0.2860
13.58, 0.2886
13.59, 0.2912
13.60, 0.2939
13.61, 0.2965
13.62, 0.2991
13.63, 0.3017
13.64, 0.3043
13.65, 0.3068
13.66, 0.3094
13.67, 0.3120
13.68, 0.3145
13.69, 0.3171
13.70, 0.3196
13.71, 0.3222
13.72, 0.3247
13.73, 0.3272
13.74, 0.3297
13.75, 0.3322
13.76, 0.3347
13.77, 0.3372
13.78, 0.3397
13.79, 0.3422
13.80, 0.3446
13.81, 0.3471
13.82, 0.3495
13.83, 0.3519
13.84, 0.3544
13.85, 0.3568
13.86, 0.3592
13.87, 0.3616
13.88, 0.3640
13.89, 0.3664
13.90, 0.3687
13.91, 0.3711
13.92, 0.3734
13.93, 0.3758
13.94, 0.3781
13.95, 0.3804
13.96, 0.3828
13.97, 0.3851
13.98, 0.3874
13.99, 0.3896
14.00, 0.3919
14.01, 0.3942
14.02, 0.3964
14.03, 0.3987
14.04, 0.4009
14.05, 0.4032
14.06, 0.4054
14.07, 0.4076
14.08, 0.4098
14.09, 0.4120
14.10, 0.4141
14.11, 0.4163
14.12, 0.4185
14.13, 0.4206
14.14, 0.4227
14.15, 0.4249
14.16, 0.4270
14.17, 0.4291
14.18, 0.4312
14.19, 0.4333
14.20, 0.4353
14.21, 0.4374
14.22, 0.4394
14.23, 0.4415
14.24, 0.4435
14.25, 0.4455
14.26, 0.4475
14.27, 0.4495
14.28, 0.4515
14.29, 0.4535
14.30, 0.4554
14.31, 0.4574
14.32, 0.4593
14.33, 0.4612
14.34, 0.4631
14.35, 0.4650
14.36, 0.4669
14.37, 0.4688
14.38, 0.4707
14.39, 0.4725
14.40, 0.4744
14.41, 0.4762
14.42, 0.4780
14.43, 0.4798
14.44, 0.4816
14.45, 0.4834
14.46, 0.4852
14.47, 0.4869
14.48, 0.4887
14.49, 0.4904
14.50, 0.4921
14.51, 0.4938
14.52, 0.4955
14.53, 0.4972
14.54, 0.4989
14.55, 0.5006
14.56, 0.5022
14.57, 0.5038
14.58, 0.5055
14.59, 0.5071
14.60, 0.5087
14.61, 0.5103
14.62, 0.5118
14.63, 0.5134
14.64, 0.5149
14.65, 0.5165
14.66, 0.5180
14.67, 0.5195
14.68, 0.5210
14.69, 0.5225
14.70, 0.5239
14.71, 0.5254
14.72, 0.5268
14.73, 0.5283
14.74, 0.5297
14.75, 0.5311
14.76, 0.5325
14.77, 0.5339
14.78, 0.5352
14.79, 0.5366
14.80, 0.5379
14.81, 0.5392
14.82, 0.5405
14.83, 0.5418
14.84, 0.5431
14.85, 0.5444
14.86, 0.5456
14.87, 0.5469
14.88, 0.5481
14.89, 0.5493
14.90, 0.5505
14.91, 0.5517
14.92, 0.5529
14.93, 0.5540
14.94, 0.5552
14.95, 0.5563
14.96, 0.5574
14.97, 0.5585
14.98, 0.5596
14.99, 0.5607
15.00, 0.5618
15.01, 0.5628
15.02, 0.5638
15.03, 0.5649
15.04, 0.5659
15.05, 0.5668
15.06, 0.5678
15.07, 0.5688
15.08, 0.5697
15.09, 0.5707
15.10, 0.5716
15.11, 0.5725
15.12, 0.5734
15.13, 0.5743
15.14, 0.5751
15.15, 0.5760
15.16, 0.5768
15.17, 0.5776
15.18, 0.5784
15.19, 0.5792
15.20, 0.5800
15.21, 0.5808
15.22, 0.5815
15.23, 0.5822
15.24, 0.5829
15.25, 0.5837
15.26, 0.5843
15.27, 0.5850
15.28, 0.5857
15.29, 0.5863
15.30, 0.5869
15.31, 0.5876
15.32, 0.5882
15.33, 0.5887
15.34, 0.5893
15.35, 0.5899
15.36, 0.5904
15.37, 0.5909
15.38, 0.5915
15.39, 0.5920
15.40, 0.5924
15.41, 0.5929
15.42, 0.5934
15.43, 0.5938
15.44, 0.5942
15.45, 0.5946
15.46, 0.5950
15.47, 0.5954
15.48, 0.5958
15.49, 0.5961
15.50, 0.5964
15.51, 0.5968
15.52, 0.5971
15.53, 0.5974
15.54, 0.5976
15.55, 0.5979
15.56, 0.5981
15.57, 0.5984
15.58, 0.5986
15.59, 0.5988
15.60, 0.5990
15.61, 0.5991
15.62, 0.5993
15.63, 0.5994
15.64, 0.5995
15.65, 0.5997
15.66, 0.5997
15.67, 0.5998
15.68, 0.5999
15.69, 0.5999
15.70, 0.6000
15.71, 0.6000
15.72, 0.6000
15.73, 0.6000
15.74, 0.6000
15.75, 0.5999
15.76, 0.5999
15.77, 0.5998
15.78, 0.5997
15.79, 0.5996
15.80, 0.5995
15.81, 0.5994
15.82, 0.5992
15.83, 0.5991
15.84, 0.5989
15.85, 0.5987
15.86, 0.5985
15.87, 0.5983
15.88, 0.5980
15.89, 0.5978
15.90, 0.5975
15.91, 0.5972
15.92, 0.5969
15.93, 0.5966
15.94, 0.5963
15.95, 0.5960
15.96, 0.5956
15.97, 0.5952
15.98, 0.5949
15.99, 0.5945
16.00, 0.5940
16.01, 0.5936
16.02, 0.5932
16.03, 0.5927
16.04, 0.5922
16.05, 0.5918
16.06, 0.5912
16.07, 0.5907
16.08, 0.5902
16.09, 0.5896
16.10, 0.5891
16.11, 0.5885
16.12, 0.5879
16.13, 0.5873
16.14, 0.5867
16.15, 0.5861
16.16, 0.5854
16.17, 0.5847
16.18, 0.5841
16.19, 0.5834
16.20, 0.5827
16.21, 0.5819
16.22, 0.5812
16.23, 0.5804
16.24, 0.5797
16.25, 0.5789
16.26, 0.5781
16.27, 0.5773
16.28, 0.5765
16.29, 0.5756
16.30, 0.5748
16.31, 0.5739
16.32, 0.5730
16.33, 0.5721
16.34, 0.5712
16.35, 0.5703
16.36, 0.5693
16.37, 0.5684
16.38, 0.5674
16.39, 0.5664
16.40, 0.5654
16.41, 0.5644
16.42, 0.5634
16.43, 0.5624
16.44, 0.5613
16.45, 0.5603
16.46, 0.5592
16.47, 0.5581
16.48, 0.5570
16.49, 0.5558
16.50, 0.5547
16.51, 0.5536
16.52, 0.5524
16.53, 0.5512
16.54, 0.5500
16.55, 0.5488
16.56, 0.5476
16.57, 0.5464
16.58, 0.5451
16.59, 0.5439
16.60, 0.5426
16.61, 0.5413
16.62, 0.5400
16.63, 0.5387
16.64, 0.5374
16.65, 0.5360
16.66, 0.5347
16.67, 0.5333
16.68, 0.5319
16.69, 0.5305
16.70, 0.5291
16.71, 0.5277
16.72, 0.5263
16.73, 0.5248
16.74, 0.5233
16.75, 0.5219
16.76, 0.5204
16.77, 0.5189
16.78, 0.5174
16.79, 0.5158
16.80, 0.5143
16.81, 0.5128
16.82, 0.5112
16.83, 0.5096
16.84, 0.5080
16.85, 0.5064
16.86, 0.5048
16.87, 0.5032
16.88, 0.5015
16.89, 0.4999
16.90, 0.4982
16.91, 0.4965
16.92, 0.4949
16.93, 0.4932
16.94, 0.4914
16.95, 0.4897
16.96, 0.4880
16.97, 0.4862
16.98, 0.4845
16.99, 0.4827
17.00, 0.4809
17.01, 0.4791
17.02, 0.4773
17.03, 0.4755
17.04, 0.4736
17.05, 0.4718
17.06, 0.4699
17.07, 0.4680
17.08, 0.4662
17.09, 0.4643
17.10, 0.4624
17.11, 0.4604
17.12, 0.4585
17.13, 0.4566
17.14, 0.4546
17.15, 0.4527
17.16, 0.4507
17.17, 0.4487
17.18, 0.4467
17.19, 0.4447
17.20, 0.4427
17.21, 0.4406
17.22, 0.4386
17.23, 0.4365
17.24, 0.4345
17.25, 0.4324
17.26, 0.4303
17.27, 0.4282
17.28, 0.4261
17.29, 0.4240
17.30, 0.4219
17.31, 0.4197
17.32, 0.4176
17.33, 0.4154
17.34, 0.4133
17.35, 0.4111
17.36, 0.4089
17.37, 0.4067
17.38, 0.4045
17.39, 0.4023
17.40, 0.4000
17.41, 0.3978
17.42, 0.3955
17.43, 0.3933
17.44, 0.3910
17.45, 0.3887
17.46, 0.3864
17.47, 0.3841
17.48, 0.3818
17.49, 0.3795
17.50, 0.3772
17.51, 0.3748
17.52, 0.3725
17.53, 0.3701
17.54, 0.3678
17.55, 0.3654
17.56, 0.3630
17.57, 0.3606
17.58, 0.3582
17.59, 0.3558
17.60, 0.3534
17.61, 0.3510
17.62, 0.3485
17.63, 0.3461
17.64, 0.3436
17.65, 0.3411
17.66, 0.3387
17.67, 0.3362
17.68, 0.3337
17.69, 0.3312
17.70, 0.3287
17.71, 0.3262
17.72, 0.3237
17.73, 0.3211
17.74, 0.3186
17.75, 0.3161
17.76, 0.3135
17.77, 0.3109
17.78, 0.3084
17.79, 0.3058
17.80, 0.3032
17.81, 0.3006
17.82, 0.2980
17.83, 0.2954
17.84, 0.2928
17.85, 0.2902
17.86, 0.2875
17.87, 0.2849
17.88, 0.2823
17.89, 0.2796
17.90, 0.2769
17.91, 0.2743
17.92, 0.2716
17.93, 0.2689
17.94, 0.2662
17.95, 0.2636
17.96, 0.2609
17.97, 0.2582
17.98, 0.2554
17.99, 0.2527
18.00, 0.2500
18.01, 0.2473
18.02, 0.2445
18.03, 0.2418
18.04, 0.2390
18.05, 0.2363
18.06, 0.2335
18.07, 0.2308
18.08, 0.2280
18.09, 0.2252
18.10, 0.2224
18.11, 0.2196
18.12, 0.2168
18.13, 0.2140
18.14, 0.2112
18.15, 0.2084
18.16, 0.2056
18.17, 0.2028
18.18, 0.2000
18.19, 0.1971
18.20, 0.1943
18.21, 0.1915
18.22, 0.1886
18.23, 0.1858
18.24, 0.1829
18.25, 0.1800
18.26, 0.1772
18.27, 0.1743
18.28, 0.1714
18.29, 0.1686
18.30, 0.1657
18.31, 0.1628
18.32, 0.1599
18.33, 0.1570
18.34, 0.1541
18.35, 0.1512
18.36, 0.1483
18.37, 0.1454
18.38, 0.1425
18.39, 0.1396
18.40, 0.1367
18.41, 0.1337
18.42, 0.1308
18.43, 0.1279
18.44, 0.1249
18.45, 0.1220
18.46, 0.1191
18.47, 0.1161
18.48, 0.1132
18.49, 0.1102
18.50, 0.1073
18.51, 0.1043
18.52, 0.1014
18.53, 0.0984
18.54, 0.0955
18.55, 0.0925
18.56, 0.0895
18.57, 0.0866
18.58, 0.0836
18.59, 0.0806
18.60, 0.0776
18.61, 0.0747
18.62, 0.0717
18.63, 0.0687
18.64, 0.0657
18.65, 0.0628
18.66, 0.0598
18.67, 0.0568
18.68, 0.0538
18.69, 0.0508
18.70, 0.0478
18.71, 0.0448
18.72, 0.0418
18.73, 0.0388
18.74, 0.0358
18.75, 0.0329
18.76, 0.0299
18.77, 0.0269
18.78, 0.0239
18.79, 0.0209
18.80, 0.0179
18.81, 0.0149
18.82, 0.0119
18.83, 0.0089
18.84, 0.0059
18.85, 0.0029
18.86, -0.0001
18.87, -0.0031
18.88, -0.0061
18.89, -0.0091
18.90, -0.0121
18.91, -0.0151
18.92, -0.0181
18.93, -0.0211
18.94, -0.0241
18.95, -0.0271
18.96, -0.0301
18.97, -0.0331
18.98, -0.0361
18.99, -0.0391
19.00, -0.0421
19.01, -0.0451
19.02, -0.0481
19.03, -0.0511
19.04, -0.0541
19.05, -0.0570
19.06, -0.0600
19.07, -0.0630
19.08, -0.0660
19.09, -0.0690
19.10, -0.0720
19.11, -0.0749
19.12, -0.0779
19.13, -0.0809
19.14, -0.0839
19.15, -0.0868
19.16, -0.0898
19.17, -0.0928
19.18, -0.0957
19.19, -0.0987
19.20, -0.1016
19.21, -0.1046
19.22, -0.1075
19.23, -0.1105
19.24, -0.1134
19.25, -0.1164
19.26, -0.1193
19.27, -0.1223
19.28, -0.1252
19.29, -0.1281
19.30, -0.1311
19.31, -0.1340
19.32, -0.1369
19.33, -0.1398
19.34, -0.1428
19.35, -0.1457
19.36, -0.1486
19.37, -0.1515
19.38, -0.1544
19.39, -0.1573
19.40, -0.1602
19.41, -0.1631
19.42, -0.1659
19.43, -0.1688
19.44, -0.1717
19.45, -0.1746
19.46, -0.1774
19.47, -0.1803
19.48, -0.1832
19.49, -0.1860
19.50, -0.1889
19.51, -0.1917
19.52, -0.1946
19.53, -0.1974
19.54, -0.2002
19.55, -0.2030
19.56, -0.2059
19.57, -0.2087
19.58, -0.2115
19.59, -0.2143
19.60, -0.2171
19.61, -0.2199
19.62, -0.2227
19.63, -0.2255
19.64, -0.2282
19.65, -0.2310
19.66, -0.2338
19.67, -0.2365
19.68, -0.2393
19.69, -0.2420
19.70, -0.2448
19.71, -0.2475
19.72, -0.2502
19.73, -0.2530
19.74, -0.2557
19.75, -0.2584
19.76, -0.2611
19.77, -0.2638
19.78, -0.2665
19.79, -0.2692
19.80, -0.2719
19.81, -0.2745
19.82, -0.2772
19.83, -0.2798
19.84, -0.2825
19.85, -0.2851
19.86, -0.2878
19.87, -0.2904
19.88, -0.2930
19.89, -0.2956
19.90, -0.2982
19.91, -0.3008
19.92, -0.3034
19.93, -0.3060
19.94, -0.3086
19.95, -0.3112
19.96, -0.3137
19.97, -0.3163
19.98, -0.3188
19.99, -0.3214
