Tempo, ymy
0.00, 0.0000
0.01, 0.6000
0.02, 0.6000
0.03, 0.6000
0.04, 0.5999
0.05, 0.5998
0.06, 0.5997
0.07, 0.5996
0.08, 0.5995
0.09, 0.5993
0.10, 0.5991
0.11, 0.5989
0.12, 0.5987
0.13, 0.5984
0.14, 0.5982
0.15, 0.5979
0.16, 0.5976
0.17, 0.5972
0.18, 0.5969
0.19, 0.5965
0.20, 0.5961
0.21, 0.5957
0.22, 0.5952
0.23, 0.5948
0.24, 0.5943
0.25, 0.5938
0.26, 0.5933
0.27, 0.5927
0.28, 0.5921
0.29, 0.5916
0.30, 0.5909
0.31, 0.5903
0.32, 0.5897
0.33, 0.5890
0.34, 0.5883
0.35, 0.5876
0.36, 0.5868
0.37, 0.5861
0.38, 0.5853
0.39, 0.5845
0.40, 0.5836
0.41, 0.5828
0.42, 0.5819
0.43, 0.5810
0.44, 0.5801
0.45, 0.5792
0.46, 0.5783
0.47, 0.5773
0.48, 0.5763
0.49, 0.5753
0.50, 0.5743
0.51, 0.5732
0.52, 0.5721
0.53, 0.5710
0.54, 0.5699
0.55, 0.5688
0.56, 0.5676
0.57, 0.5664
0.58, 0.5653
0.59, 0.5640
0.60, 0.5628
0.61, 0.5615
0.62, 0.5603
0.63, 0.5590
0.64, 0.5576
0.65, 0.5563
0.66, 0.5549
0.67, 0.5536
0.68, 0.5522
0.69, 0.5507
0.70, 0.5493
0.71, 0.5479
0.72, 0.5464
0.73, 0.5449
0.74, 0.5434
0.75, 0.5418
0.76, 0.5403
0.77, 0.5387
0.78, 0.5371
0.79, 0.5355
0.80, 0.5338
0.81, 0.5322
0.82, 0.5305
0.83, 0.5288
0.84, 0.5271
0.85, 0.5254
0.86, 0.5236
0.87, 0.5219
0.88, 0.5201
0.89, 0.5183
0.90, 0.5165
0.91, 0.5146
0.92, 0.5128
0.93, 0.5109
0.94, 0.5090
0.95, 0.5071
0.96, 0.5051
0.97, 0.5032
0.98, 0.5012
0.99, 0.4992
1.00, 0.4972
1.01, 0.4952
1.02, 0.4932
1.03, 0.4911
1.04, 0.4890
1.05, 0.4869
1.06, 0.4848
1.07, 0.4827
1.08, 0.4805
1.09, 0.4784
1.10, 0.4762
1.11, 0.4740
1.12, 0.4718
1.13, 0.4695
1.14, 0.4673
1.15, 0.4650
1.16, 0.4627
1.17, 0.4604
1.18, 0.4581
1.19, 0.4558
1.20, 0.4534
1.21, 0.4511
1.22, 0.4487
1.23, 0.4463
1.24, 0.4439
1.25, 0.4415
1.26, 0.4390
1.27, 0.4366
1.28, 0.4341
1.29, 0.4316
1.30, 0.4291
1.31, 0.4265
1.32, 0.4240
1.33, 0.4215
1.34, 0.4189
1.35, 0.4163
1.36, 0.4137
1.37, 0.4111
1.38, 0.4085
1.39, 0.4058
1.40, 0.4032
1.41, 0.4005
1.42, 0.3978
1.43, 0.3951
1.44, 0.3924
1.45, 0.3896
1.46, 0.3869
1.47, 0.3841
1.48, 0.3814
1.49, 0.3786
1.50, 0.3758
1.51, 0.3730
1.52, 0.3701
1.53, 0.3673
1.54, 0.3644
1.55, 0.3616
1.56, 0.3587
1.57, 0.3558
1.58, 0.3529
1.59, 0.3500
1.60, 0.3471
1.61, 0.3441
1.62, 0.3412
1.63, 0.3382
1.64, 0.3352
1.65, 0.3322
1.66, 0.3292
1.67, 0.3262
1.68, 0.3232
1.69, 0.3201
1.70, 0.3171
1.71, 0.3140
1.72, 0.3109
1.73, 0.3079
1.74, 0.3048
1.75, 0.3017
1.76, 0.2985
1.77, 0.2954
1.78, 0.2923
1.79, 0.2891
1.80, 0.2860
1.81, 0.2828
1.82, 0.2796
1.83, 0.2764
1.84, 0.2732
1.85, 0.2700
1.86, 0.2668
1.87, 0.2636
1.88, 0.2603
1.89, 0.2571
1.90, 0.2538
1.91, 0.2506
1.92, 0.2473
1.93, 0.2440
1.94, 0.2407
1.95, 0.2374
1.96, 0.2341
1.97, 0.2308
1.98, 0.2274
1.99, 0.2241
2.00, 0.2208
2.01, 0.2174
2.02, 0.2141
2.03, 0.2107
2.04, 0.2073
2.05, 0.2039
2.06, 0.2005
2.07, 0.1971
2.08, 0.1937
2.09, 0.1903
2.10, 0.1869
2.11, 0.1835
2.12, 0.1801
2.13, 0.1766
2.14, 0.1732
2.15, 0.1697
2.16, 0.1663
2.17, 0.1628
2.18, 0.1593
2.19, 0.1559
2.20, 0.1524
2.21, 0.1489
2.22, 0.1454
2.23, 0.1419
2.24, 0.1384
2.25, 0.1349
2.26, 0.1314
2.27, 0.1279
2.28, 0.1244
2.29, 0.1208
2.30, 0.1173
2.31, 0.1138
2.32, 0.1102
2.33, 0.1067
2.34, 0.1032
2.35, 0.0996
2.36, 0.0961
2.37, 0.0925
2.38, 0.0889
2.39, 0.0854
2.40, 0.0818
2.41, 0.0783
2.42, 0.0747
2.43, 0.0711
2.44, 0.0675
2.45, 0.0640
2.46, 0.0604
2.47, 0.0568
2.48, 0.0532
2.49, 0.0496
2.50, 0.0460
2.51, 0.0424
2.52, 0.0389
2.53, 0.0353
2.54, 0.0317
2.55, 0.0281
2.56, 0.0245
2.57, 0.0209
2.58, 0.0173
2.59, 0.0137
2.60, 0.0101
2.61, 0.0065
2.62, 0.0029
2.63, -0.0007
2.64, -0.0043
2.65, -0.0079
2.66, -0.0115
2.67, -0.0151
2.68, -0.0187
2.69, -0.0223
2.70, -0.0259
2.71, -0.0295
2.72, -0.0331
2.73, -0.0367
2.74, -0.0403
2.75, -0.0439
2.76, -0.0475
2.77, -0.0511
2.78, -0.0546
2.79, -0.0582
2.80, -0.0618
2.81, -0.0654
2.82, -0.0690
2.83, -0.0725
2.84, -0.0761
2.85, -0.0797
2.86, -0.0833
2.87, -0.0868
2.88, -0.0904
2.89, -0.0939
2.90, -0.0975
2.91, -0.1010
2.92, -0.1046
2.93, -0.1081
2.94, -0.1117
2.95, -0.1152
2.96, -0.1187
2.97, -0.1223
2.98, -0.1258
2.99, -0.1293
3.00, -0.1328
3.01, -0.1363
3.02, -0.1398
3.03, -0.1433
3.04, -0.1468
3.05, -0.1503
3.06, -0.1538
3.07, -0.1573
3.08, -0.1607
3.09, -0.1642
3.10, -0.1677
3.11, -0.1711
3.12, -0.1746
3.13, -0.1780
3.14, -0.1814
3.15, -0.1849
3.16, -0.1883
3.17, -0.1917
3.18, -0.1951
3.19, -0.1985
3.20, -0.2019
3.21, -0.2053
3.22, -0.2087
3.23, -0.2120
3.24, -0.2154
3.25, -0.2188
3.26, -0.2221
3.27, -0.2254
3.28, -0.2288
3.29, -0.2321
3.30, -0.2354
3.31, -0.2387
3.32, -0.2420
3.33, -0.2453
3.34, -0.2486
3.35, -0.2519
3.36, -0.2551
3.37, -0.2584
3.38, -0.2616
3.39, -0.2649
3.40, -0.2681
3.41, -0.2713
3.42, -0.2745
3.43, -0.2777
3.44, -0.2809
3.45, -0.2841
3.46, -0.2872
3.47, -0.2904
3.48, -0.2935
3.49, -0.2967
3.50, -0.2998
3.51, -0.3029
3.52, -0.3060
3.53, -0.3091
3.54, -0.3122
3.55, -0.3152
3.56, -0.3183
3.57, -0.3214
3.58, -0.3244
3.59, -0.3274
3.60, -0.3304
3.61, -0.3334
3.62, -0.3364
3.63, -0.3394
3.64, -0.3423
3.65, -0.3453
3.66, -0.3482
3.67, -0.3512
3.68, -0.3541
3.69, -0.3570
3.70, -0.3599
3.71, -0.3627
3.72, -0.3656
3.73, -0.3684
3.74, -0.3713
3.75, -0.3741
3.76, -0.3769
3.77, -0.3797
3.78, -0.3825
3.79, -0.3852
3.80, -0.3880
3.81, -0.3907
3.82, -0.3935
3.83, -0.3962
3.84, -0.3989
3.85, -0.4016
3.86, -0.4042
3.87, -0.4069
3.88, -0.4095
3.89, -0.4121
3.90, -0.4147
3.91, -0.4173
3.92, -0.4199
3.93, -0.4225
3.94, -0.4250
3.95, -0.4276
3.96, -0.4301
3.97, -0.4326
3.98, -0.4351
3.99, -0.4375
4.00, -0.4400
4.01, -0.4424
4.02, -0.4449
4.03, -0.4473
4.04, -0.4497
4.05, -0.4520
4.06, -0.4544
4.07, -0.4567
4.08, -0.4591
4.09, -0.4614
4.10, -0.4637
4.11, -0.4659
4.12, -0.4682
4.13, -0.4704
4.14, -0.4727
4.15, -0.4749
4.16, -0.4771
4.17, -0.4792
4.18, -0.4814
4.19, -0.4835
4.20, -0.4857
4.21, -0.4878
4.22, -0.4899
4.23, -0.4919
4.24, -0.4940
4.25, -0.4960
4.26, -0.4980
4.27, -0.5000
4.28, -0.5020
4.29, -0.5040
4.30, -0.5059
4.31, -0.5078
4.32, -0.5098
4.33, -0.5116
4.34, -0.5135
4.35, -0.5154
4.36, -0.5172
4.37, -0.5190
4.38, -0.5208
4.39, -0.5226
4.40, -0.5244
4.41, -0.5261
4.42, -0.5278
4.43, -0.5295
4.44, -0.5312
4.45, -0.5329
4.46, -0.5345
4.47, -0.5361
4.48, -0.5377
4.49, -0.5393
4.50, -0.5409
4.51, -0.5424
4.52, -0.5440
4.53, -0.5455
4.54, -0.5470
4.55, -0.5484
4.56, -0.5499
4.57, -0.5513
4.58, -0.5527
4.59, -0.5541
4.60, -0.5555
4.61, -0.5568
4.62, -0.5582
4.63, -0.5595
4.64, -0.5608
4.65, -0.5620
4.66, -0.5633
4.67, -0.5645
4.68, -0.5657
4.69, -0.5669
4.70, -0.5681
4.71, -0.5692
4.72, -0.5704
4.73, -0.5715
4.74, -0.5726
4.75, -0.5736
4.76, -0.5747
4.77, -0.5757
4.78, -0.5767
4.79, -0.5777
4.80, -0.5786
4.81, -0.5796
4.82, -0.5805
4.83, -0.5814
4.84, -0.5823
4.85, -0.5831
4.86, -0.5840
4.87, -0.5848
4.88, -0.5856
4.89, -0.5864
4.90, -0.5871
4.91, -0.5878
4.92, -0.5886
4.93, -0.5892
4.94, -0.5899
4.95, -0.5906
4.96, -0.5912
4.97, -0.5918
4.98, -0.5924
4.99, -0.5929
5.00, -0.5935
5.01, -0.5940
5.02, -0.5945
5.03, -0.5950
5.04, -0.5954
5.05, -0.5959
5.06, -0.5963
5.07, -0.5967
5.08, -0.5970
5.09, -0.5974
5.10, -0.5977
5.11, -0.5980
5.12, -0.5983
5.13, -0.5985
5.14, -0.5988
5.15, -0.5990
5.16, -0.5992
5.17, -0.5994
5.18, -0.5995
5.19, -0.5997
5.20, -0.5998
5.21, -0.5999
5.22, -0.5999
5.23, -0.6000
5.24, -0.6000
5.25, -0.6000
5.26, -0.6000
5.27, -0.5999
5.28, -0.5999
5.29, -0.5998
5.30, -0.5997
5.31, -0.5996
5.32, -0.5994
5.33, -0.5992
5.34, -0.5990
5.35, -0.5988
5.36, -0.5986
5.37, -0.5983
5.38, -0.5981
5.39, -0.5978
5.40, -0.5974
5.41, -0.5971
5.42, -0.5967
5.43, -0.5963
5.44, -0.5959
5.45, -0.5955
5.46, -0.5951
5.47, -0.5946
5.48, -0.5941
5.49, -0.5936
5.50, -0.5930
5.51, -0.5925
5.52, -0.5919
5.53, -0.5913
5.54, -0.5907
5.55, -0.5900
5.56, -0.5894
5.57, -0.5887
5.58, -0.5880
5.59, -0.5873
5.60, -0.5865
5.61, -0.5857
5.62, -0.5850
5.63, -0.5841
5.64, -0.5833
5.65, -0.5825
5.66, -0.5816
5.67, -0.5807
5.68, -0.5798
5.69, -0.5788
5.70, -0.5779
5.71, -0.5769
5.72, -0.5759
5.73, -0.5749
5.74, -0.5738
5.75, -0.5728
5.76, -0.5717
5.77, -0.5706
5.78, -0.5695
5.79, -0.5683
5.80, -0.5672
5.81, -0.5660
5.82, -0.5648
5.83, -0.5635
5.84, -0.5623
5.85, -0.5610
5.86, -0.5597
5.87, -0.5584
5.88, -0.5571
5.89, -0.5558
5.90, -0.5544
5.91, -0.5530
5.92, -0.5516
5.93, -0.5502
5.94, -0.5487
5.95, -0.5473
5.96, -0.5458
5.97, -0.5443
5.98, -0.5427
5.99, -0.5412
6.00, -0.5396
6.01, -0.5381
6.02, -0.5365
6.03, -0.5348
6.04, -0.5332
6.05, -0.5315
6.06, -0.5298
6.07, -0.5282
6.08, -0.5264
6.09, -0.5247
6.10, -0.5229
6.11, -0.5212
6.12, -0.5194
6.13, -0.5176
6.14, -0.5157
6.15, -0.5139
6.16, -0.5120
6.17, -0.5101
6.18, -0.5082
6.19, -0.5063
6.20, -0.5044
6.21, -0.5024
6.22, -0.5004
6.23, -0.4984
6.24, -0.4964
6.25, -0.4944
6.26, -0.4923
6.27, -0.4903
6.28, -0.4882
6.29, -0.4861
6.30, -0.4840
6.31, -0.4818
6.32, -0.4797
6.33, -0.4775
6.34, -0.4753
6.35, -0.4731
6.36, -0.4709
6.37, -0.4686
6.38, -0.4664
6.39, -0.4641
6.40, -0.4618
6.41, -0.4595
6.42, -0.4572
6.43, -0.4549
6.44, -0.4525
6.45, -0.4501
6.46, -0.4477
6.47, -0.4453
6.48, -0.4429
6.49, -0.4405
6.50, -0.4380
6.51, -0.4356
6.52, -0.4331
6.53, -0.4306
6.54, -0.4281
6.55, -0.4255
6.56, -0.4230
6.57, -0.4204
6.58, -0.4178
6.59, -0.4153
6.60, -0.4127
6.61, -0.4100
6.62, -0.4074
6.63, -0.4047
6.64, -0.4021
6.65, -0.3994
6.66, -0.3967
6.67, -0.3940
6.68, -0.3913
6.69, -0.3885
6.70, -0.3858
6.71, -0.3830
6.72, -0.3802
6.73, -0.3775
6.74, -0.3747
6.75, -0.3718
6.76, -0.3690
6.77, -0.3662
6.78, -0.3633
6.79, -0.3604
6.80, -0.3575
6.81, -0.3546
6.82, -0.3517
6.83, -0.3488
6.84, -0.3459
6.85, -0.3429
6.86, -0.3400
6.87, -0.3370
6.88, -0.3340
6.89, -0.3310
6.90, -0.3280
6.91, -0.3250
6.92, -0.3220
6.93, -0.3189
6.94, -0.3159
6.95, -0.3128
6.96, -0.3097
6.97, -0.3066
6.98, -0.3035
6.99, -0.3004
7.00, -0.2973
7.01, -0.2942
7.02, -0.2910
7.03, -0.2879
7.04, -0.2847
7.05, -0.2815
7.06, -0.2783
7.07, -0.2751
7.08, -0.2719
7.09, -0.2687
7.10, -0.2655
7.11, -0.2623
7.12, -0.2590
7.13, -0.2558
7.14, -0.2525
7.15, -0.2492
7.16, -0.2460
7.17, -0.2427
7.18, -0.2394
7.19, -0.2361
7.20, -0.2328
7.21, -0.2294
7.22, -0.2261
7.23, -0.2228
7.24, -0.2194
7.25, -0.2161
7.26, -0.2127
7.27, -0.2093
7.28, -0.2060
7.29, -0.2026
7.30, -0.1992
7.31, -0.1958
7.32, -0.1924
7.33, -0.1890
7.34, -0.1855
7.35, -0.1821
7.36, -0.1787
7.37, -0.1752
7.38, -0.1718
7.39, -0.1683
7.40, -0.1649
7.41, -0.1614
7.42, -0.1579
7.43, -0.1545
7.44, -0.1510
7.45, -0.1475
7.46, -0.1440
7.47, -0.1405
7.48, -0.1370
7.49, -0.1335
7.50, -0.1300
7.51, -0.1265
7.52, -0.1230
7.53, -0.1194
7.54, -0.1159
7.55, -0.1124
7.56, -0.1088
7.57, -0.1053
7.58, -0.1017
7.59, -0.0982
7.60, -0.0946
7.61, -0.0911
7.62, -0.0875
7.63, -0.0840
7.64, -0.0804
7.65, -0.0768
7.66, -0.0733
7.67, -0.0697
7.68, -0.0661
7.69, -0.0625
7.70, -0.0589
7.71, -0.0554
7.72, -0.0518
7.73, -0.0482
7.74, -0.0446
7.75, -0.0410
7.76, -0.0374
7.77, -0.0338
7.78, -0.0302
7.79, -0.0266
7.80, -0.0230
7.81, -0.0194
7.82, -0.0158
7.83, -0.0122
7.84, -0.0086
7.85, -0.0050
7.86, -0.0014
7.87, 0.0022
7.88, 0.0058
7.89, 0.0094
7.90, 0.0130
7.91, 0.0166
7.92, 0.0202
7.93, 0.0238
7.94, 0.0274
7.95, 0.0310
7.96, 0.0345
7.97, 0.0381
7.98, 0.0417
7.99, 0.0453
8.00, 0.0489
8.01, 0.0525
8.02, 0.0561
8.03, 0.0597
8.04, 0.0632
8.05, 0.0668
8.06, 0.0704
8.07, 0.0740
8.08, 0.0775
8.09, 0.0811
8.10, 0.0847
8.11, 0.0882
8.12, 0.0918
8.13, 0.0954
8.14, 0.0989
8.15, 0.1025
8.16, 0.1060
8.17, 0.1095
8.18, 0.1131
8.19, 0.1166
8.20, 0.1201
8.21, 0.1237
8.22, 0.1272
8.23, 0.1307
8.24, 0.1342
8.25, 0.1377
8.26, 0.1412
8.27, 0.1447
8.28, 0.1482
8.29, 0.1517
8.30, 0.1552
8.31, 0.1587
8.32, 0.1621
8.33, 0.1656
8.34, 0.1690
8.35, 0.1725
8.36, 0.1759
8.37, 0.1794
8.38, 0.1828
8.39, 0.1862
8.40, 0.1897
8.41, 0.1931
8.42, 0.1965
8.43, 0.1999
8.44, 0.2033
8.45, 0.2066
8.46, 0.2100
8.47, 0.2134
8.48, 0.2168
8.49, 0.2201
8.50, 0.2234
8.51, 0.2268
8.52, 0.2301
8.53, 0.2334
8.54, 0.2367
8.55, 0.2401
8.56, 0.2433
8.57, 0.2466
8.58, 0.2499
8.59, 0.2532
8.60, 0.2564
8.61, 0.2597
8.62, 0.2629
8.63, 0.2662
8.64, 0.2694
8.65, 0.2726
8.66, 0.2758
8.67, 0.2790
8.68, 0.2822
8.69, 0.2853
8.70, 0.2885
8.71, 0.2917
8.72, 0.2948
8.73, 0.2979
8.74, 0.3010
8.75, 0.3042
8.76, 0.3073
8.77, 0.3103
8.78, 0.3134
8.79, 0.3165
8.80, 0.3195
8.81, 0.3226
8.82, 0.3256
8.83, 0.3286
8.84, 0.3316
8.85, 0.3346
8.86, 0.3376
8.87, 0.3406
8.88, 0.3435
8.89, 0.3465
8.90, 0.3494
8.91, 0.3523
8.92, 0.3552
8.93, 0.3581
8.94, 0.3610
8.95, 0.3639
8.96, 0.3667
8.97, 0.3696
8.98, 0.3724
8.99, 0.3752
9.00, 0.3780
9.01, 0.3808
9.02, 0.3836
9.03, 0.3864
9.04, 0.3891
9.05, 0.3918
9.06, 0.3946
9.07, 0.3973
9.08, 0.3999
9.09, 0.4026
9.10, 0.4053
9.11, 0.4079
9.12, 0.4106
9.13, 0.4132
9.14, 0.4158
9.15, 0.4184
9.16, 0.4209
9.17, 0.4235
9.18, 0.4260
9.19, 0.4286
9.20, 0.4311
9.21, 0.4336
9.22, 0.4361
9.23, 0.4385
9.24, 0.4410
9.25, 0.4434
9.26, 0.4458
9.27, 0.4482
9.28, 0.4506
9.29, 0.4530
9.30, 0.4553
9.31, 0.4577
9.32, 0.4600
9.33, 0.4623
9.34, 0.4646
9.35, 0.4669
9.36, 0.4691
9.37, 0.4713
9.38, 0.4736
9.39, 0.4758
9.40, 0.4779
9.41, 0.4801
9.42, 0.4823
9.43, 0.4844
9.44, 0.4865
9.45, 0.4886
9.46, 0.4907
9.47, 0.4928
9.48, 0.4948
9.49, 0.4968
9.50, 0.4988
9.51, 0.5008
9.52, 0.5028
9.53, 0.5048
9.54, 0.5067
9.55, 0.5086
9.56, 0.5105
9.57, 0.5124
9.58, 0.5143
9.59, 0.5161
9.60, 0.5179
9.61, 0.5197
9.62, 0.5215
9.63, 0.5233
9.64, 0.5251
9.65, 0.5268
9.66, 0.5285
9.67, 0.5302
9.68, 0.5319
9.69, 0.5335
9.70, 0.5352
9.71, 0.5368
9.72, 0.5384
9.73, 0.5400
9.74, 0.5415
9.75, 0.5431
9.76, 0.5446
9.77, 0.5461
9.78, 0.5476
9.79, 0.5490
9.80, 0.5505
9.81, 0.5519
9.82, 0.5533
9.83, 0.5547
9.84, 0.5560
9.85, 0.5574
9.86, 0.5587
9.87, 0.5600
9.88, 0.5613
9.89, 0.5625
9.90, 0.5638
9.91, 0.5650
9.92, 0.5662
9.93, 0.5674
9.94, 0.5686
9.95, 0.5697
9.96, 0.5708
9.97, 0.5719
9.98, 0.5730
9.99, 0.5740
10.00, 0.5751
10.01, 0.5761
10.02, 0.5771
10.03, 0.5781
10.04, 0.5790
10.05, 0.5800
10.06, 0.5809
10.07, 0.5818
10.08, 0.5826
10.09, 0.5835
10.10, 0.5843
10.11, 0.5851
10.12, 0.5859
10.13, 0.5867
10.14, 0.5874
10.15, 0.5881
10.16, 0.5888
10.17, 0.5895
10.18, 0.5902
10.19, 0.5908
10.20, 0.5914
10.21, 0.5920
10.22, 0.5926
10.23, 0.5932
10.24, 0.5937
10.25, 0.5942
10.26, 0.5947
10.27, 0.5952
10.28, 0.5956
10.29, 0.5960
10.30, 0.5964
10.31, 0.5968
10.32, 0.5972
10.33, 0.5975
10.34, 0.5978
10.35, 0.5981
10.36, 0.5984
10.37, 0.5986
10.38, 0.5989
10.39, 0.5991
10.40, 0.5993
10.41, 0.5994
10.42, 0.5996
10.43, 0.5997
10.44, 0.5998
10.45, 0.5999
10.46, 0.5999
10.47, 0.6000
10.48, 0.6000
10.49, 0.6000
10.50, 0.6000
10.51, 0.5999
10.52, 0.5998
10.53, 0.5998
10.54, 0.5996
10.55, 0.5995
10.56, 0.5993
10.57, 0.5992
10.58, 0.5990
10.59, 0.5987
10.60, 0.5985
10.61, 0.5982
10.62, 0.5979
10.63, 0.5976
10.64, 0.5973
10.65, 0.5970
10.66, 0.5966
10.67, 0.5962
10.68, 0.5958
10.69, 0.5953
10.70, 0.5949
10.71, 0.5944
10.72, 0.5939
10.73, 0.5934
10.74, 0.5928
10.75, 0.5923
10.76, 0.5917
10.77, 0.5911
10.78, 0.5904
10.79, 0.5898
10.80, 0.5891
10.81, 0.5884
10.82, 0.5877
10.83, 0.5870
10.84, 0.5862
10.85, 0.5854
10.86, 0.5846
10.87, 0.5838
10.88, 0.5830
10.89, 0.5821
10.90, 0.5812
10.91, 0.5803
10.92, 0.5794
10.93, 0.5785
10.94, 0.5775
10.95, 0.5765
10.96, 0.5755
10.97, 0.5745
10.98, 0.5734
10.99, 0.5723
11.00, 0.5713
11.01, 0.5701
11.02, 0.5690
11.03, 0.5679
11.04, 0.5667
11.05, 0.5655
11.06, 0.5643
11.07, 0.5630
11.08, 0.5618
11.09, 0.5605
11.10, 0.5592
11.11, 0.5579
11.12, 0.5566
11.13, 0.5552
11.14, 0.5538
11.15, 0.5524
11.16, 0.5510
11.17, 0.5496
11.18, 0.5481
11.19, 0.5467
11.20, 0.5452
11.21, 0.5437
11.22, 0.5421
11.23, 0.5406
11.24, 0.5390
11.25, 0.5374
11.26, 0.5358
11.27, 0.5342
11.28, 0.5325
11.29, 0.5309
11.30, 0.5292
11.31, 0.5275
11.32, 0.5257
11.33, 0.5240
11.34, 0.5222
11.35, 0.5204
11.36, 0.5186
11.37, 0.5168
11.38, 0.5150
11.39, 0.5131
11.40, 0.5113
11.41, 0.5094
11.42, 0.5075
11.43, 0.5055
11.44, 0.5036
11.45, 0.5016
11.46, 0.4996
11.47, 0.4976
11.48, 0.4956
11.49, 0.4936
11.50, 0.4915
11.51, 0.4894
11.52, 0.4873
11.53, 0.4852
11.54, 0.4831
11.55, 0.4810
11.56, 0.4788
11.57, 0.4766
11.58, 0.4744
11.59, 0.4722
11.60, 0.4700
11.61, 0.4677
11.62, 0.4655
11.63, 0.4632
11.64, 0.4609
11.65, 0.4586
11.66, 0.4563
11.67, 0.4539
11.68, 0.4516
11.69, 0.4492
11.70, 0.4468
11.71, 0.4444
11.72, 0.4419
11.73, 0.4395
11.74, 0.4370
11.75, 0.4346
11.76, 0.4321
11.77, 0.4296
11.78, 0.4270
11.79, 0.4245
11.80, 0.4220
11.81, 0.4194
11.82, 0.4168
11.83, 0.4142
11.84, 0.4116
11.85, 0.4090
11.86, 0.4063
11.87, 0.4037
11.88, 0.4010
11.89, 0.3983
11.90, 0.3956
11.91, 0.3929
11.92, 0.3902
11.93, 0.3874
11.94, 0.3847
11.95, 0.3819
11.96, 0.3791
11.97, 0.3763
11.98, 0.3735
11.99, 0.3707
12.00, 0.3679
12.01, 0.3650
12.02, 0.3621
12.03, 0.3593
12.04, 0.3564
12.05, 0.3535
12.06, 0.3506
12.07, 0.3476
12.08, 0.3447
12.09, 0.3417
12.10, 0.3388
12.11, 0.3358
12.12, 0.3328
12.13, 0.3298
12.14, 0.3268
12.15, 0.3238
12.16, 0.3207
12.17, 0.3177
12.18, 0.3146
12.19, 0.3116
12.20, 0.3085
12.21, 0.3054
12.22, 0.3023
12.23, 0.2992
12.24, 0.2960
12.25, 0.2929
12.26, 0.2897
12.27, 0.2866
12.28, 0.2834
12.29, 0.2802
12.30, 0.2771
12.31, 0.2739
12.32, 0.2707
12.33, 0.2674
12.34, 0.2642
12.35, 0.2610
12.36, 0.2577
12.37, 0.2545
12.38, 0.2512
12.39, 0.2479
12.40, 0.2446
12.41, 0.2414
12.42, 0.2381
12.43, 0.2347
12.44, 0.2314
12.45, 0.2281
12.46, 0.2248
12.47, 0.2214
12.48, 0.2181
12.49, 0.2147
12.50, 0.2114
12.51, 0.2080
12.52, 0.2046
12.53, 0.2012
12.54, 0.1978
12.55, 0.1944
12.56, 0.1910
12.57, 0.1876
12.58, 0.1842
12.59, 0.1807
12.60, 0.1773
12.61, 0.1739
12.62, 0.1704
12.63, 0.1670
12.64, 0.1635
12.65, 0.1600
12.66, 0.1566
12.67, 0.1531
12.68, 0.1496
12.69, 0.1461
12.70, 0.1426
12.71, 0.1391
12.72, 0.1356
12.73, 0.1321
12.74, 0.1286
12.75, 0.1251
12.76, 0.1215
12.77, 0.1180
12.78, 0.1145
12.79, 0.1109
12.80, 0.1074
12.81, 0.1039
12.82, 0.1003
12.83, 0.0968
12.84, 0.0932
12.85, 0.0897
12.86, 0.0861
12.87, 0.0825
12.88, 0.0790
12.89, 0.0754
12.90, 0.0718
12.91, 0.0682
12.92, 0.0647
12.93, 0.0611
12.94, 0.0575
12.95, 0.0539
12.96, 0.0503
12.97, 0.0467
12.98, 0.0432
12.99, 0.0396
13.00, 0.0360
13.01, 0.0324
13.02, 0.0288
13.03, 0.0252
13.04, 0.0216
13.05, 0.0180
13.06, 0.0144
13.07, 0.0108
13.08, 0.0072
13.09, 0.0036
13.10, -0.0000
13.11, -0.0036
13.12, -0.0072
13.13, -0.0108
13.14, -0.0144
13.15, -0.0180
13.16, -0.0216
13.17, -0.0252
13.18, -0.0288
13.19, -0.0324
13.20, -0.0360
13.21, -0.0396
13.22, -0.0432
13.23, -0.0468
13.24, -0.0504
13.25, -0.0539
13.26, -0.0575
13.27, -0.0611
13.28, -0.0647
13.29, -0.0683
13.30, -0.0718
13.31, -0.0754
13.32, -0.0790
13.33, -0.0825
13.34, -0.0861
13.35, -0.0897
13.36, -0.0932
13.37, -0.0968
13.38, -0.1003
13.39, -0.1039
13.40, -0.1074
13.41, -0.1110
13.42, -0.1145
13.43, -0.1180
13.44, -0.1216
13.45, -0.1251
13.46, -0.1286
13.47, -0.1321
13.48, -0.1356
13.49, -0.1391
13.50, -0.1426
13.51, -0.1461
13.52, -0.1496
13.53, -0.1531
13.54, -0.1566
13.55, -0.1600
13.56, -0.1635
13.57, -0.1670
13.58, -0.1704
13.59, -0.1739
13.60, -0.1773
13.61, -0.1808
13.62, -0.1842
13.63, -0.1876
13.64, -0.1910
13.65, -0.1944
13.66, -0.1978
13.67, -0.2012
13.68, -0.2046
13.69, -0.2080
13.70, -0.2114
13.71, -0.2147
13.72, -0.2181
13.73, -0.2214
13.74, -0.2248
13.75, -0.2281
13.76, -0.2314
13.77, -0.2348
13.78, -0.2381
13.79, -0.2414
13.80, -0.2447
13.81, -0.2479
13.82, -0.2512
13.83, -0.2545
13.84, -0.2577
13.85, -0.2610
13.86, -0.2642
13.87, -0.2675
13.88, -0.2707
13.89, -0.2739
13.90, -0.2771
13.91, -0.2803
13.92, -0.2834
13.93, -0.2866
13.94, -0.2898
13.95, -0.2929
13.96, -0.2961
13.97, -0.2992
13.98, -0.3023
13.99, -0.3054
14.00, -0.3085
14.01, -0.3116
14.02, -0.3146
14.03, -0.3177
14.04, -0.3208
14.05, -0.3238
14.06, -0.3268
14.07, -0.3298
14.08, -0.3328
14.09, -0.3358
14.10, -0.3388
14.11, -0.3418
14.12, -0.3447
14.13, -0.3477
14.14, -0.3506
14.15, -0.3535
14.16, -0.3564
14.17, -0.3593
14.18, -0.3622
14.19, -0.3650
14.20, -0.3679
14.21, -0.3707
14.22, -0.3735
14.23, -0.3764
14.24, -0.3791
14.25, -0.3819
14.26, -0.3847
14.27, -0.3875
14.28, -0.3902
14.29, -0.3929
14.30, -0.3956
14.31, -0.3983
14.32, -0.4010
14.33, -0.4037
14.34, -0.4063
14.35, -0.4090
14.36, -0.4116
14.37, -0.4142
14.38, -0.4168
14.39, -0.4194
14.40, -0.4220
14.41, -0.4245
14.42, -0.4271
14.43, -0.4296
14.44, -0.4321
14.45, -0.4346
14.46, -0.4371
14.47, -0.4395
14.48, -0.4420
14.49, -0.4444
14.50, -0.4468
14.51, -0.4492
14.52, -0.4516
14.53, -0.4539
14.54, -0.4563
14.55, -0.4586
14.56, -0.4609
14.57, -0.4632
14.58, -0.4655
14.59, -0.4678
14.60, -0.4700
14.61, -0.4722
14.62, -0.4744
14.63, -0.4766
14.64, -0.4788
14.65, -0.4810
14.66, -0.4831
14.67, -0.4852
14.68, -0.4874
14.69, -0.4894
14.70, -0.4915
14.71, -0.4936
14.72, -0.4956
14.73, -0.4976
14.74, -0.4996
14.75, -0.5016
14.76, -0.5036
14.77, -0.5055
14.78, -0.5075
14.79, -0.5094
14.80, -0.5113
14.81, -0.5131
14.82, -0.5150
14.83, -0.5168
14.84, -0.5187
14.85, -0.5205
14.86, -0.5222
14.87, -0.5240
14.88, -0.5257
14.89, -0.5275
14.90, -0.5292
14.91, -0.5309
14.92, -0.5325
14.93, -0.5342
14.94, -0.5358
14.95, -0.5374
14.96, -0.5390
14.97, -0.5406
14.98, -0.5421
14.99, -0.5437
15.00, -0.5452
15.01, -0.5467
15.02, -0.5482
15.03, -0.5496
15.04, -0.5510
15.05, -0.5525
15.06, -0.5538
15.07, -0.5552
15.08, -0.5566
15.09, -0.5579
15.10, -0.5592
15.11, -0.5605
15.12, -0.5618
15.13, -0.5630
15.14, -0.5643
15.15, -0.5655
15.16, -0.5667
15.17, -0.5679
15.18, -0.5690
15.19, -0.5701
15.20, -0.5713
15.21, -0.5723
15.22, -0.5734
15.23, -0.5745
15.24, -0.5755
15.25, -0.5765
15.26, -0.5775
15.27, -0.5785
15.28, -0.5794
15.29, -0.5803
15.30, -0.5812
15.31, -0.5821
15.32, -0.5830
15.33, -0.5838
15.34, -0.5846
15.35, -0.5854
15.36, -0.5862
15.37, -0.5870
15.38, -0.5877
15.39, -0.5884
15.40, -0.5891
15.41, -0.5898
15.42, -0.5904
15.43, -0.5911
15.44, -0.5917
15.45, -0.5923
15.46, -0.5928
15.47, -0.5934
15.48, -0.5939
15.49, -0.5944
15.50, -0.5949
15.51, -0.5953
15.52, -0.5958
15.53, -0.5962
15.54, -0.5966
15.55, -0.5970
15.56, -0.5973
15.57, -0.5976
15.58, -0.5979
15.59, -0.5982
15.60, -0.5985
15.61, -0.5987
15.62, -0.5990
15.63, -0.5992
15.64, -0.5993
15.65, -0.5995
15.66, -0.5996
15.67, -0.5998
15.68, -0.5998
15.69, -0.5999
15.70, -0.6000
15.71, -0.6000
15.72, -0.6000
15.73, -0.6000
15.74, -0.5999
15.75, -0.5999
15.76, -0.5998
15.77, -0.5997
15.78, -0.5996
15.79, -0.5994
15.80, -0.5993
15.81, -0.5991
15.82, -0.5989
15.83, -0.5986
15.84, -0.5984
15.85, -0.5981
15.86, -0.5978
15.87, -0.5975
15.88, -0.5972
15.89, -0.5968
15.90, -0.5964
15.91, -0.5960
15.92, -0.5956
15.93, -0.5952
15.94, -0.5947
15.95, -0.5942
15.96, -0.5937
15.97, -0.5932
15.98, -0.5926
15.99, -0.5920
16.00, -0.5914
16.01, -0.5908
16.02, -0.5902
16.03, -0.5895
16.04, -0.5888
16.05, -0.5881
16.06, -0.5874
16.07, -0.5867
16.08, -0.5859
16.09, -0.5851
16.10, -0.5843
16.11, -0.5835
16.12, -0.5826
16.13, -0.5818
16.14, -0.5809
16.15, -0.5800
16.16, -0.5790
16.17, -0.5781
16.18, -0.5771
16.19, -0.5761
16.20, -0.5751
16.21, -0.5740
16.22, -0.5730
16.23, -0.5719
16.24, -0.5708
16.25, -0.5697
16.26, -0.5685
16.27, -0.5674
16.28, -0.5662
16.29, -0.5650
16.30, -0.5638
16.31, -0.5625
16.32, -0.5613
16.33, -0.5600
16.34, -0.5587
16.35, -0.5574
16.36, -0.5560
16.37, -0.5547
16.38, -0.5533
16.39, -0.5519
16.40, -0.5505
16.41, -0.5490
16.42, -0.5476
16.43, -0.5461
16.44, -0.5446
16.45, -0.5430
16.46, -0.5415
16.47, -0.5399
16.48, -0.5384
16.49, -0.5368
16.50, -0.5352
16.51, -0.5335
16.52, -0.5319
16.53, -0.5302
16.54, -0.5285
16.55, -0.5268
16.56, -0.5250
16.57, -0.5233
16.58, -0.5215
16.59, -0.5197
16.60, -0.5179
16.61, -0.5161
16.62, -0.5142
16.63, -0.5124
16.64, -0.5105
16.65, -0.5086
16.66, -0.5067
16.67, -0.5047
16.68, -0.5028
16.69, -0.5008
16.70, -0.4988
16.71, -0.4968
16.72, -0.4948
16.73, -0.4927
16.74, -0.4907
16.75, -0.4886
16.76, -0.4865
16.77, -0.4844
16.78, -0.4823
16.79, -0.4801
16.80, -0.4779
16.81, -0.4757
16.82, -0.4735
16.83, -0.4713
16.84, -0.4691
16.85, -0.4668
16.86, -0.4646
16.87, -0.4623
16.88, -0.4600
16.89, -0.4577
16.90, -0.4553
16.91, -0.4530
16.92, -0.4506
16.93, -0.4482
16.94, -0.4458
16.95, -0.4434
16.96, -0.4410
16.97, -0.4385
16.98, -0.4360
16.99, -0.4336
17.00, -0.4311
17.01, -0.4286
17.02, -0.4260
17.03, -0.4235
17.04, -0.4209
17.05, -0.4184
17.06, -0.4158
17.07, -0.4132
17.08, -0.4105
17.09, -0.4079
17.10, -0.4053
17.11, -0.4026
17.12, -0.3999
17.13, -0.3972
17.14, -0.3945
17.15, -0.3918
17.16, -0.3891
17.17, -0.3863
17.18, -0.3836
17.19, -0.3808
17.20, -0.3780
17.21, -0.3752
17.22, -0.3724
17.23, -0.3696
17.24, -0.3667
17.25, -0.3639
17.26, -0.3610
17.27, -0.3581
17.28, -0.3552
17.29, -0.3523
17.30, -0.3494
17.31, -0.3465
17.32, -0.3435
17.33, -0.3406
17.34, -0.3376
17.35, -0.3346
17.36, -0.3316
17.37, -0.3286
17.38, -0.3256
17.39, -0.3226
17.40, -0.3195
17.41, -0.3165
17.42, -0.3134
17.43, -0.3103
17.44, -0.3072
17.45, -0.3041
17.46, -0.3010
17.47, -0.2979
17.48, -0.2948
17.49, -0.2916
17.50, -0.2885
17.51, -0.2853
17.52, -0.2822
17.53, -0.2790
17.54, -0.2758
17.55, -0.2726
17.56, -0.2694
17.57, -0.2661
17.58, -0.2629
17.59, -0.2597
17.60, -0.2564
17.61, -0.2532
17.62, -0.2499
17.63, -0.2466
17.64, -0.2433
17.65, -0.2400
17.66, -0.2367
17.67, -0.2334
17.68, -0.2301
17.69, -0.2268
17.70, -0.2234
17.71, -0.2201
17.72, -0.2167
17.73, -0.2134
17.74, -0.2100
17.75, -0.2066
17.76, -0.2032
17.77, -0.1999
17.78, -0.1965
17.79, -0.1930
17.80, -0.1896
17.81, -0.1862
17.82, -0.1828
17.83, -0.1794
17.84, -0.1759
17.85, -0.1725
17.86, -0.1690
17.87, -0.1656
17.88, -0.1621
17.89, -0.1586
17.90, -0.1552
17.91, -0.1517
17.92, -0.1482
17.93, -0.1447
17.94, -0.1412
17.95, -0.1377
17.96, -0.1342
17.97, -0.1307
17.98, -0.1272
17.99, -0.1237
18.00, -0.1201
18.01, -0.1166
18.02, -0.1131
18.03, -0.1095
18.04, -0.1060
18.05, -0.1024
18.06, -0.0989
18.07, -0.0953
18.08, -0.0918
18.09, -0.0882
18.10, -0.0847
18.11, -0.0811
18.12, -0.0775
18.13, -0.0740
18.14, -0.0704
18.15, -0.0668
18.16, -0.0632
18.17, -0.0596
18.18, -0.0561
18.19, -0.0525
18.20, -0.0489
18.21, -0.0453
18.22, -0.0417
18.23, -0.0381
18.24, -0.0345
18.25, -0.0309
18.26, -0.0273
18.27, -0.0237
18.28, -0.0201
18.29, -0.0165
18.30, -0.0129
18.31, -0.0093
18.32, -0.0057
18.33, -0.0021
18.34, 0.0015
18.35, 0.0051
18.36, 0.0087
18.37, 0.0123
18.38, 0.0159
18.39, 0.0195
18.40, 0.0230
18.41, 0.0266
18.42, 0.0302
18.43, 0.0338
18.44, 0.0374
18.45, 0.0410
18.46, 0.0446
18.47, 0.0482
18.48, 0.0518
18.49, 0.0554
18.50, 0.0590
18.51, 0.0625
18.52, 0.0661
18.53, 0.0697
18.54, 0.0733
18.55, 0.0768
18.56, 0.0804
18.57, 0.0840
18.58, 0.0875
18.59, 0.0911
18.60, 0.0947
18.61, 0.0982
18.62, 0.1018
18.63, 0.1053
18.64, 0.1088
18.65, 0.1124
18.66, 0.1159
18.67, 0.1195
18.68, 0.1230
18.69, 0.1265
18.70, 0.1300
18.71, 0.1335
18.72, 0.1370
18.73, 0.1405
18.74, 0.1440
18.75, 0.1475
18.76, 0.1510
18.77, 0.1545
18.78, 0.1580
18.79, 0.1614
18.80, 0.1649
18.81, 0.1684
18.82, 0.1718
18.83, 0.1753
18.84, 0.1787
18.85, 0.1821
18.86, 0.1856
18.87, 0.1890
18.88, 0.1924
18.89, 0.1958
18.90, 0.1992
18.91, 0.2026
18.92, 0.2060
18.93, 0.2094
18.94, 0.2127
18.95, 0.2161
18.96, 0.2194
18.97, 0.2228
18.98, 0.2261
18.99, 0.2295
19.00, 0.2328
19.01, 0.2361
19.02, 0.2394
19.03, 0.2427
19.04, 0.2460
19.05, 0.2493
19.06, 0.2525
19.07, 0.2558
19.08, 0.2590
19.09, 0.2623
19.10, 0.2655
19.11, 0.2687
19.12, 0.2720
19.13, 0.2752
19.14, 0.2784
19.15, 0.2815
19.16, 0.2847
19.17, 0.2879
19.18, 0.2910
19.19, 0.2942
19.20, 0.2973
19.21, 0.3004
19.22, 0.3035
19.23, 0.3066
19.24, 0.3097
19.25, 0.3128
19.26, 0.3159
19.27, 0.3189
19.28, 0.3220
19.29, 0.3250
19.30, 0.3280
19.31, 0.3310
19.32, 0.3340
19.33, 0.3370
19.34, 0.3400
19.35, 0.3429
19.36, 0.3459
19.37, 0.3488
19.38, 0.3518
19.39, 0.3547
19.40, 0.3576
19.41, 0.3604
19.42, 0.3633
19.43, 0.3662
19.44, 0.3690
19.45, 0.3719
19.46, 0.3747
19.47, 0.3775
19.48, 0.3803
19.49, 0.3830
19.50, 0.3858
19.51, 0.3886
19.52, 0.3913
19.53, 0.3940
19.54, 0.3967
19.55, 0.3994
19.56, 0.4021
19.57, 0.4048
19.58, 0.4074
19.59, 0.4100
19.60, 0.4127
19.61, 0.4153
19.62, 0.4179
19.63, 0.4204
19.64, 0.4230
19.65, 0.4255
19.66, 0.4281
19.67, 0.4306
19.68, 0.4331
19.69, 0.4356
19.70, 0.4380
19.71, 0.4405
19.72, 0.4429
19.73, 0.4454
19.74, 0.4478
19.75, 0.4501
19.76, 0.4525
19.77, 0.4549
19.78, 0.4572
19.79, 0.4595
19.80, 0.4618
19.81, 0.4641
19.82, 0.4664
19.83, 0.4687
19.84, 0.4709
19.85, 0.4731
19.86, 0.4753
19.87, 0.4775
19.88, 0.4797
19.89, 0.4818
19.90, 0.4840
19.91, 0.4861
19.92, 0.4882
19.93, 0.4903
19.94, 0.4923
19.95, 0.4944
19.96, 0.4964
19.97, 0.4984
19.98, 0.5004
19.99, 0.5024
