Thread, Chamada, T(k), Jitter(k)
Simulacao, 1, 1733811605.999891, 1733811605.989891
Simulacao, 2, 0.010175, 0.000175
Simulacao, 3, 0.015944, 0.005944
Simulacao, 4, 0.010214, 0.000214
Simulacao, 5, 0.010161, 0.000161
Simulacao, 6, 0.010497, 0.000497
Simulacao, 7, 0.010378, 0.000378
Simulacao, 8, 0.010431, 0.000431
Simulacao, 9, 0.010477, 0.000477
Simulacao, 10, 0.010464, 0.000464
Simulacao, 11, 0.010244, 0.000244
Simulacao, 12, 0.010372, 0.000372
Simulacao, 13, 0.010484, 0.000484
Simulacao, 14, 0.010409, 0.000409
Simulacao, 15, 0.010400, 0.000400
Simulacao, 16, 0.010420, 0.000420
Simulacao, 17, 0.010442, 0.000442
Simulacao, 18, 0.010485, 0.000485
Simulacao, 19, 0.010481, 0.000481
Simulacao, 20, 0.010406, 0.000406
Simulacao, 21, 0.010177, 0.000177
Simulacao, 22, 0.010483, 0.000483
Simulacao, 23, 0.010197, 0.000197
Simulacao, 24, 0.010417, 0.000417
Simulacao, 25, 0.010379, 0.000379
Simulacao, 26, 0.010296, 0.000296
Simulacao, 27, 0.010163, 0.000163
Simulacao, 28, 0.010147, 0.000147
Simulacao, 29, 0.010372, 0.000372
Simulacao, 30, 0.010296, 0.000296
Simulacao, 31, 0.010425, 0.000425
Simulacao, 32, 0.010471, 0.000471
Simulacao, 33, 0.010273, 0.000273
Simulacao, 34, 0.010459, 0.000459
Simulacao, 35, 0.010439, 0.000439
Simulacao, 36, 0.010482, 0.000482
Simulacao, 37, 0.010387, 0.000387
Simulacao, 38, 0.010309, 0.000309
Simulacao, 39, 0.010482, 0.000482
Simulacao, 40, 0.010480, 0.000480
Simulacao, 41, 0.010266, 0.000266
Simulacao, 42, 0.010378, 0.000378
Simulacao, 43, 0.010523, 0.000523
Simulacao, 44, 0.010267, 0.000267
Simulacao, 45, 0.010396, 0.000396
Simulacao, 46, 0.010462, 0.000462
Simulacao, 47, 0.010247, 0.000247
Simulacao, 48, 0.010208, 0.000208
Simulacao, 49, 0.010480, 0.000480
Simulacao, 50, 0.010174, 0.000174
Simulacao, 51, 0.010283, 0.000283
Simulacao, 52, 0.010439, 0.000439
Simulacao, 53, 0.010195, 0.000195
Simulacao, 54, 0.010415, 0.000415
Simulacao, 55, 0.010130, 0.000130
Simulacao, 56, 0.010139, 0.000139
Simulacao, 57, 0.010137, 0.000137
Simulacao, 58, 0.010382, 0.000382
Simulacao, 59, 0.010417, 0.000417
Simulacao, 60, 0.010184, 0.000184
Simulacao, 61, 0.010453, 0.000453
Simulacao, 62, 0.010335, 0.000335
Simulacao, 63, 0.010400, 0.000400
Simulacao, 64, 0.010462, 0.000462
Simulacao, 65, 0.010196, 0.000196
Simulacao, 66, 0.010465, 0.000465
Simulacao, 67, 0.010169, 0.000169
Simulacao, 68, 0.010549, 0.000549
Simulacao, 69, 0.010551, 0.000551
Simulacao, 70, 0.010470, 0.000470
Simulacao, 71, 0.010259, 0.000259
Simulacao, 72, 0.010444, 0.000444
Simulacao, 73, 0.010451, 0.000451
Simulacao, 74, 0.010210, 0.000210
Simulacao, 75, 0.010227, 0.000227
Simulacao, 76, 0.010094, 0.000094
Simulacao, 77, 0.010347, 0.000347
Simulacao, 78, 0.010429, 0.000429
Simulacao, 79, 0.010464, 0.000464
Simulacao, 80, 0.010437, 0.000437
Simulacao, 81, 0.010242, 0.000242
Simulacao, 82, 0.010350, 0.000350
Simulacao, 83, 0.010367, 0.000367
Simulacao, 84, 0.010376, 0.000376
Simulacao, 85, 0.010218, 0.000218
Simulacao, 86, 0.010263, 0.000263
Simulacao, 87, 0.010256, 0.000256
Simulacao, 88, 0.010439, 0.000439
Simulacao, 89, 0.010464, 0.000464
Simulacao, 90, 0.010386, 0.000386
Simulacao, 91, 0.010433, 0.000433
Simulacao, 92, 0.010465, 0.000465
Simulacao, 93, 0.010466, 0.000466
Simulacao, 94, 0.010461, 0.000461
Simulacao, 95, 0.010211, 0.000211
Simulacao, 96, 0.010390, 0.000390
Simulacao, 97, 0.010214, 0.000214
Simulacao, 98, 0.010368, 0.000368
Simulacao, 99, 0.010423, 0.000423
Simulacao, 100, 0.010409, 0.000409
Simulacao, 101, 0.010338, 0.000338
Simulacao, 102, 0.010241, 0.000241
Simulacao, 103, 0.010213, 0.000213
Simulacao, 104, 0.010488, 0.000488
Simulacao, 105, 0.010466, 0.000466
Simulacao, 106, 0.010463, 0.000463
Simulacao, 107, 0.010388, 0.000388
Simulacao, 108, 0.010372, 0.000372
Simulacao, 109, 0.010400, 0.000400
Simulacao, 110, 0.010226, 0.000226
Simulacao, 111, 0.010408, 0.000408
Simulacao, 112, 0.010162, 0.000162
Simulacao, 113, 0.010363, 0.000363
Simulacao, 114, 0.010449, 0.000449
Simulacao, 115, 0.010446, 0.000446
Simulacao, 116, 0.010460, 0.000460
Simulacao, 117, 0.010251, 0.000251
Simulacao, 118, 0.010189, 0.000189
Simulacao, 119, 0.010475, 0.000475
Simulacao, 120, 0.010426, 0.000426
Simulacao, 121, 0.010252, 0.000252
Simulacao, 122, 0.010129, 0.000129
Simulacao, 123, 0.010226, 0.000226
Simulacao, 124, 0.010182, 0.000182
Simulacao, 125, 0.010220, 0.000220
Simulacao, 126, 0.010345, 0.000345
Simulacao, 127, 0.010154, 0.000154
Simulacao, 128, 0.010115, 0.000115
Simulacao, 129, 0.010157, 0.000157
Simulacao, 130, 0.010414, 0.000414
Simulacao, 131, 0.010484, 0.000484
Simulacao, 132, 0.010479, 0.000479
Simulacao, 133, 0.010235, 0.000235
Simulacao, 134, 0.010476, 0.000476
Simulacao, 135, 0.010463, 0.000463
Simulacao, 136, 0.010526, 0.000526
Simulacao, 137, 0.010119, 0.000119
Simulacao, 138, 0.010138, 0.000138
Simulacao, 139, 0.010283, 0.000283
Simulacao, 140, 0.010291, 0.000291
Simulacao, 141, 0.010156, 0.000156
Simulacao, 142, 0.010192, 0.000192
Simulacao, 143, 0.010413, 0.000413
Simulacao, 144, 0.010411, 0.000411
Simulacao, 145, 0.010153, 0.000153
Simulacao, 146, 0.010138, 0.000138
Simulacao, 147, 0.010362, 0.000362
Simulacao, 148, 0.010407, 0.000407
Simulacao, 149, 0.010473, 0.000473
Simulacao, 150, 0.010190, 0.000190
Simulacao, 151, 0.010375, 0.000375
Simulacao, 152, 0.010395, 0.000395
Simulacao, 153, 0.010232, 0.000232
Simulacao, 154, 0.010213, 0.000213
Simulacao, 155, 0.010160, 0.000160
Simulacao, 156, 0.010473, 0.000473
Simulacao, 157, 0.010426, 0.000426
Simulacao, 158, 0.010356, 0.000356
Simulacao, 159, 0.010230, 0.000230
Simulacao, 160, 0.010488, 0.000488
Simulacao, 161, 0.010474, 0.000474
Simulacao, 162, 0.010230, 0.000230
Simulacao, 163, 0.010464, 0.000464
Simulacao, 164, 0.010473, 0.000473
Simulacao, 165, 0.010522, 0.000522
Simulacao, 166, 0.010287, 0.000287
Simulacao, 167, 0.010515, 0.000515
Simulacao, 168, 0.010185, 0.000185
Simulacao, 169, 0.010417, 0.000417
Simulacao, 170, 0.010187, 0.000187
Simulacao, 171, 0.010186, 0.000186
Simulacao, 172, 0.010236, 0.000236
Simulacao, 173, 0.010158, 0.000158
Simulacao, 174, 0.010398, 0.000398
Simulacao, 175, 0.010145, 0.000145
Simulacao, 176, 0.010105, 0.000105
Simulacao, 177, 0.010141, 0.000141
Simulacao, 178, 0.010135, 0.000135
Simulacao, 179, 0.010350, 0.000350
Simulacao, 180, 0.010161, 0.000161
Simulacao, 181, 0.010410, 0.000410
Simulacao, 182, 0.010366, 0.000366
Simulacao, 183, 0.010379, 0.000379
Simulacao, 184, 0.010452, 0.000452
Simulacao, 185, 0.010479, 0.000479
Simulacao, 186, 0.010422, 0.000422
Simulacao, 187, 0.010267, 0.000267
Simulacao, 188, 0.010479, 0.000479
Simulacao, 189, 0.010407, 0.000407
Simulacao, 190, 0.010418, 0.000418
Simulacao, 191, 0.010225, 0.000225
Simulacao, 192, 0.010295, 0.000295
Simulacao, 193, 0.010555, 0.000555
Simulacao, 194, 0.010265, 0.000265
Simulacao, 195, 0.010401, 0.000401
Simulacao, 196, 0.010580, 0.000580
Simulacao, 197, 0.010170, 0.000170
Simulacao, 198, 0.010387, 0.000387
Simulacao, 199, 0.010353, 0.000353
Simulacao, 200, 0.010274, 0.000274
Simulacao, 201, 0.010185, 0.000185
Simulacao, 202, 0.010385, 0.000385
Simulacao, 203, 0.010352, 0.000352
Simulacao, 204, 0.010386, 0.000386
Simulacao, 205, 0.010255, 0.000255
Simulacao, 206, 0.010127, 0.000127
Simulacao, 207, 0.010204, 0.000204
Simulacao, 208, 0.010162, 0.000162
Simulacao, 209, 0.010186, 0.000186
Simulacao, 210, 0.010390, 0.000390
Simulacao, 211, 0.010461, 0.000461
Simulacao, 212, 0.010455, 0.000455
Simulacao, 213, 0.010217, 0.000217
Simulacao, 214, 0.010345, 0.000345
Simulacao, 215, 0.010474, 0.000474
Simulacao, 216, 0.010464, 0.000464
Simulacao, 217, 0.010168, 0.000168
Simulacao, 218, 0.010207, 0.000207
Simulacao, 219, 0.010333, 0.000333
Simulacao, 220, 0.010341, 0.000341
Simulacao, 221, 0.010352, 0.000352
Simulacao, 222, 0.010416, 0.000416
Simulacao, 223, 0.010480, 0.000480
Simulacao, 224, 0.010483, 0.000483
Simulacao, 225, 0.010207, 0.000207
Simulacao, 226, 0.010186, 0.000186
Simulacao, 227, 0.010463, 0.000463
Simulacao, 228, 0.010461, 0.000461
Simulacao, 229, 0.010483, 0.000483
Simulacao, 230, 0.010352, 0.000352
Simulacao, 231, 0.010393, 0.000393
Simulacao, 232, 0.010236, 0.000236
Simulacao, 233, 0.010363, 0.000363
Simulacao, 234, 0.010367, 0.000367
Simulacao, 235, 0.010350, 0.000350
Simulacao, 236, 0.010203, 0.000203
Simulacao, 237, 0.010434, 0.000434
Simulacao, 238, 0.010416, 0.000416
Simulacao, 239, 0.010218, 0.000218
Simulacao, 240, 0.010605, 0.000605
Simulacao, 241, 0.010541, 0.000541
Simulacao, 242, 0.010525, 0.000525
Simulacao, 243, 0.010364, 0.000364
Simulacao, 244, 0.010545, 0.000545
Simulacao, 245, 0.010487, 0.000487
Simulacao, 246, 0.010386, 0.000386
Simulacao, 247, 0.010304, 0.000304
Simulacao, 248, 0.010475, 0.000475
Simulacao, 249, 0.010229, 0.000229
Simulacao, 250, 0.010494, 0.000494
Simulacao, 251, 0.010110, 0.000110
Simulacao, 252, 0.010211, 0.000211
Simulacao, 253, 0.010488, 0.000488
Simulacao, 254, 0.010490, 0.000490
Simulacao, 255, 0.010471, 0.000471
Simulacao, 256, 0.010506, 0.000506
Simulacao, 257, 0.010201, 0.000201
Simulacao, 258, 0.010168, 0.000168
Simulacao, 259, 0.010210, 0.000210
Simulacao, 260, 0.010203, 0.000203
Simulacao, 261, 0.010190, 0.000190
Simulacao, 262, 0.010420, 0.000420
Simulacao, 263, 0.010417, 0.000417
Simulacao, 264, 0.010408, 0.000408
Simulacao, 265, 0.010473, 0.000473
Simulacao, 266, 0.010444, 0.000444
Simulacao, 267, 0.010375, 0.000375
Simulacao, 268, 0.010384, 0.000384
Simulacao, 269, 0.010388, 0.000388
Simulacao, 270, 0.010319, 0.000319
Simulacao, 271, 0.010274, 0.000274
Simulacao, 272, 0.010385, 0.000385
Simulacao, 273, 0.010224, 0.000224
Simulacao, 274, 0.010369, 0.000369
Simulacao, 275, 0.010164, 0.000164
Simulacao, 276, 0.010431, 0.000431
Simulacao, 277, 0.010391, 0.000391
Simulacao, 278, 0.010396, 0.000396
Simulacao, 279, 0.010470, 0.000470
Simulacao, 280, 0.010463, 0.000463
Simulacao, 281, 0.010305, 0.000305
Simulacao, 282, 0.010458, 0.000458
Simulacao, 283, 0.010494, 0.000494
Simulacao, 284, 0.010218, 0.000218
Simulacao, 285, 0.010397, 0.000397
Simulacao, 286, 0.010235, 0.000235
Simulacao, 287, 0.010243, 0.000243
Simulacao, 288, 0.010215, 0.000215
Simulacao, 289, 0.010433, 0.000433
Simulacao, 290, 0.010322, 0.000322
Simulacao, 291, 0.010381, 0.000381
Simulacao, 292, 0.010469, 0.000469
Simulacao, 293, 0.010435, 0.000435
Simulacao, 294, 0.010386, 0.000386
Simulacao, 295, 0.010389, 0.000389
Simulacao, 296, 0.010457, 0.000457
Simulacao, 297, 0.010499, 0.000499
Simulacao, 298, 0.010170, 0.000170
Simulacao, 299, 0.010449, 0.000449
Simulacao, 300, 0.010142, 0.000142
Simulacao, 301, 0.010463, 0.000463
Simulacao, 302, 0.010309, 0.000309
Simulacao, 303, 0.010386, 0.000386
Simulacao, 304, 0.010483, 0.000483
Simulacao, 305, 0.010459, 0.000459
Simulacao, 306, 0.010480, 0.000480
Simulacao, 307, 0.010408, 0.000408
Simulacao, 308, 0.010181, 0.000181
Simulacao, 309, 0.010495, 0.000495
Simulacao, 310, 0.010432, 0.000432
Simulacao, 311, 0.010395, 0.000395
Simulacao, 312, 0.010395, 0.000395
Simulacao, 313, 0.010181, 0.000181
Simulacao, 314, 0.010172, 0.000172
Simulacao, 315, 0.010223, 0.000223
Simulacao, 316, 0.010475, 0.000475
Simulacao, 317, 0.010387, 0.000387
Simulacao, 318, 0.010395, 0.000395
Simulacao, 319, 0.010432, 0.000432
Simulacao, 320, 0.010467, 0.000467
Simulacao, 321, 0.010447, 0.000447
Simulacao, 322, 0.010389, 0.000389
Simulacao, 323, 0.010467, 0.000467
Simulacao, 324, 0.010490, 0.000490
Simulacao, 325, 0.010216, 0.000216
Simulacao, 326, 0.010392, 0.000392
Simulacao, 327, 0.010244, 0.000244
Simulacao, 328, 0.010464, 0.000464
Simulacao, 329, 0.010524, 0.000524
Simulacao, 330, 0.010401, 0.000401
Simulacao, 331, 0.010412, 0.000412
Simulacao, 332, 0.010470, 0.000470
Simulacao, 333, 0.010474, 0.000474
Simulacao, 334, 0.010251, 0.000251
Simulacao, 335, 0.010458, 0.000458
Simulacao, 336, 0.010481, 0.000481
Simulacao, 337, 0.010476, 0.000476
Simulacao, 338, 0.010224, 0.000224
Simulacao, 339, 0.010198, 0.000198
Simulacao, 340, 0.010202, 0.000202
Simulacao, 341, 0.010418, 0.000418
Simulacao, 342, 0.010419, 0.000419
Simulacao, 343, 0.010433, 0.000433
Simulacao, 344, 0.010368, 0.000368
Simulacao, 345, 0.010486, 0.000486
Simulacao, 346, 0.010384, 0.000384
Simulacao, 347, 0.010412, 0.000412
Simulacao, 348, 0.010471, 0.000471
Simulacao, 349, 0.010478, 0.000478
Simulacao, 350, 0.010179, 0.000179
Simulacao, 351, 0.010450, 0.000450
Simulacao, 352, 0.010385, 0.000385
Simulacao, 353, 0.010406, 0.000406
Simulacao, 354, 0.010510, 0.000510
Simulacao, 355, 0.010479, 0.000479
Simulacao, 356, 0.010382, 0.000382
Simulacao, 357, 0.010419, 0.000419
Simulacao, 358, 0.010473, 0.000473
Simulacao, 359, 0.010462, 0.000462
Simulacao, 360, 0.010346, 0.000346
Simulacao, 361, 0.010153, 0.000153
Simulacao, 362, 0.010203, 0.000203
Simulacao, 363, 0.010304, 0.000304
Simulacao, 364, 0.010439, 0.000439
Simulacao, 365, 0.010160, 0.000160
Simulacao, 366, 0.010229, 0.000229
Simulacao, 367, 0.010457, 0.000457
Simulacao, 368, 0.010412, 0.000412
Simulacao, 369, 0.010240, 0.000240
Simulacao, 370, 0.010156, 0.000156
Simulacao, 371, 0.010154, 0.000154
Simulacao, 372, 0.010506, 0.000506
Simulacao, 373, 0.010458, 0.000458
Simulacao, 374, 0.010352, 0.000352
Simulacao, 375, 0.010182, 0.000182
Simulacao, 376, 0.010458, 0.000458
Simulacao, 377, 0.010436, 0.000436
Simulacao, 378, 0.010457, 0.000457
Simulacao, 379, 0.010358, 0.000358
Simulacao, 380, 0.010380, 0.000380
Simulacao, 381, 0.010462, 0.000462
Simulacao, 382, 0.010473, 0.000473
Simulacao, 383, 0.010226, 0.000226
Simulacao, 384, 0.010230, 0.000230
Simulacao, 385, 0.010520, 0.000520
Simulacao, 386, 0.010206, 0.000206
Simulacao, 387, 0.010383, 0.000383
Simulacao, 388, 0.010187, 0.000187
Simulacao, 389, 0.010333, 0.000333
Simulacao, 390, 0.010381, 0.000381
Simulacao, 391, 0.010473, 0.000473
Simulacao, 392, 0.010248, 0.000248
Simulacao, 393, 0.010496, 0.000496
Simulacao, 394, 0.010237, 0.000237
Simulacao, 395, 0.010206, 0.000206
Simulacao, 396, 0.010444, 0.000444
Simulacao, 397, 0.010415, 0.000415
Simulacao, 398, 0.010220, 0.000220
Simulacao, 399, 0.010444, 0.000444
Simulacao, 400, 0.010181, 0.000181
Simulacao, 401, 0.010397, 0.000397
Simulacao, 402, 0.010274, 0.000274
Simulacao, 403, 0.010435, 0.000435
Simulacao, 404, 0.010401, 0.000401
Simulacao, 405, 0.010246, 0.000246
Simulacao, 406, 0.010473, 0.000473
Simulacao, 407, 0.010381, 0.000381
Simulacao, 408, 0.010200, 0.000200
Simulacao, 409, 0.010486, 0.000486
Simulacao, 410, 0.010371, 0.000371
Simulacao, 411, 0.010370, 0.000370
Simulacao, 412, 0.010494, 0.000494
Simulacao, 413, 0.010422, 0.000422
Simulacao, 414, 0.010192, 0.000192
Simulacao, 415, 0.010397, 0.000397
Simulacao, 416, 0.010408, 0.000408
Simulacao, 417, 0.010384, 0.000384
Simulacao, 418, 0.010425, 0.000425
Simulacao, 419, 0.010372, 0.000372
Simulacao, 420, 0.010487, 0.000487
Simulacao, 421, 0.010397, 0.000397
Simulacao, 422, 0.010223, 0.000223
Simulacao, 423, 0.010267, 0.000267
Simulacao, 424, 0.010411, 0.000411
Simulacao, 425, 0.010199, 0.000199
Simulacao, 426, 0.010211, 0.000211
Simulacao, 427, 0.010130, 0.000130
Simulacao, 428, 0.010146, 0.000146
Simulacao, 429, 0.010221, 0.000221
Simulacao, 430, 0.010378, 0.000378
Simulacao, 431, 0.010227, 0.000227
Simulacao, 432, 0.010422, 0.000422
Simulacao, 433, 0.010443, 0.000443
Simulacao, 434, 0.010253, 0.000253
Simulacao, 435, 0.010400, 0.000400
Simulacao, 436, 0.010382, 0.000382
Simulacao, 437, 0.010278, 0.000278
Simulacao, 438, 0.010469, 0.000469
Simulacao, 439, 0.010478, 0.000478
Simulacao, 440, 0.010370, 0.000370
Simulacao, 441, 0.010398, 0.000398
Simulacao, 442, 0.010487, 0.000487
Simulacao, 443, 0.011141, 0.001141
Simulacao, 444, 0.010513, 0.000513
Simulacao, 445, 0.010485, 0.000485
Simulacao, 446, 0.010282, 0.000282
Simulacao, 447, 0.010502, 0.000502
Simulacao, 448, 0.010274, 0.000274
Simulacao, 449, 0.010444, 0.000444
Simulacao, 450, 0.010174, 0.000174
Simulacao, 451, 0.010441, 0.000441
Simulacao, 452, 0.010219, 0.000219
Simulacao, 453, 0.010132, 0.000132
Simulacao, 454, 0.010404, 0.000404
Simulacao, 455, 0.010371, 0.000371
Simulacao, 456, 0.010409, 0.000409
Simulacao, 457, 0.010380, 0.000380
Simulacao, 458, 0.010217, 0.000217
Simulacao, 459, 0.010467, 0.000467
Simulacao, 460, 0.010466, 0.000466
Simulacao, 461, 0.010367, 0.000367
Simulacao, 462, 0.010366, 0.000366
Simulacao, 463, 0.010480, 0.000480
Simulacao, 464, 0.010412, 0.000412
Simulacao, 465, 0.010250, 0.000250
Simulacao, 466, 0.010169, 0.000169
Simulacao, 467, 0.010179, 0.000179
Simulacao, 468, 0.010162, 0.000162
Simulacao, 469, 0.010424, 0.000424
Simulacao, 470, 0.010349, 0.000349
Simulacao, 471, 0.010352, 0.000352
Simulacao, 472, 0.010404, 0.000404
Simulacao, 473, 0.010184, 0.000184
Simulacao, 474, 0.010368, 0.000368
Simulacao, 475, 0.010185, 0.000185
Simulacao, 476, 0.010286, 0.000286
Simulacao, 477, 0.010481, 0.000481
Simulacao, 478, 0.010364, 0.000364
Simulacao, 479, 0.010356, 0.000356
Simulacao, 480, 0.010371, 0.000371
Simulacao, 481, 0.010506, 0.000506
Simulacao, 482, 0.010153, 0.000153
Simulacao, 483, 0.010151, 0.000151
Simulacao, 484, 0.010200, 0.000200
Simulacao, 485, 0.010430, 0.000430
Simulacao, 486, 0.010467, 0.000467
Simulacao, 487, 0.010471, 0.000471
Simulacao, 488, 0.010277, 0.000277
Simulacao, 489, 0.010420, 0.000420
Simulacao, 490, 0.010143, 0.000143
Simulacao, 491, 0.010376, 0.000376
Simulacao, 492, 0.010451, 0.000451
Simulacao, 493, 0.010415, 0.000415
Simulacao, 494, 0.010455, 0.000455
Simulacao, 495, 0.010370, 0.000370
Simulacao, 496, 0.010393, 0.000393
Simulacao, 497, 0.010572, 0.000572
Simulacao, 498, 0.010580, 0.000580
Simulacao, 499, 0.010213, 0.000213
Simulacao, 500, 0.010139, 0.000139
Simulacao, 501, 0.010459, 0.000459
Simulacao, 502, 0.010479, 0.000479
Simulacao, 503, 0.010221, 0.000221
Simulacao, 504, 0.010481, 0.000481
Simulacao, 505, 0.010363, 0.000363
Simulacao, 506, 0.010258, 0.000258
Simulacao, 507, 0.010343, 0.000343
Simulacao, 508, 0.010374, 0.000374
Simulacao, 509, 0.010481, 0.000481
Simulacao, 510, 0.010240, 0.000240
Simulacao, 511, 0.010342, 0.000342
Simulacao, 512, 0.010406, 0.000406
Simulacao, 513, 0.010503, 0.000503
Simulacao, 514, 0.010469, 0.000469
Simulacao, 515, 0.010271, 0.000271
Simulacao, 516, 0.010475, 0.000475
Simulacao, 517, 0.010378, 0.000378
Simulacao, 518, 0.010412, 0.000412
Simulacao, 519, 0.010479, 0.000479
Simulacao, 520, 0.010523, 0.000523
Simulacao, 521, 0.010172, 0.000172
Simulacao, 522, 0.010484, 0.000484
Simulacao, 523, 0.010503, 0.000503
Simulacao, 524, 0.010407, 0.000407
Simulacao, 525, 0.010144, 0.000144
Simulacao, 526, 0.010456, 0.000456
Simulacao, 527, 0.010461, 0.000461
Simulacao, 528, 0.010471, 0.000471
Simulacao, 529, 0.010364, 0.000364
Simulacao, 530, 0.010434, 0.000434
Simulacao, 531, 0.010333, 0.000333
Simulacao, 532, 0.010232, 0.000232
Simulacao, 533, 0.010355, 0.000355
Simulacao, 534, 0.010454, 0.000454
Simulacao, 535, 0.010269, 0.000269
Simulacao, 536, 0.010164, 0.000164
Simulacao, 537, 0.010449, 0.000449
Simulacao, 538, 0.010214, 0.000214
Simulacao, 539, 0.010256, 0.000256
Simulacao, 540, 0.010541, 0.000541
Simulacao, 541, 0.010273, 0.000273
Simulacao, 542, 0.010333, 0.000333
Simulacao, 543, 0.010446, 0.000446
Simulacao, 544, 0.010366, 0.000366
Simulacao, 545, 0.010142, 0.000142
Simulacao, 546, 0.010428, 0.000428
Simulacao, 547, 0.010474, 0.000474
Simulacao, 548, 0.010461, 0.000461
Simulacao, 549, 0.010401, 0.000401
Simulacao, 550, 0.010142, 0.000142
Simulacao, 551, 0.010458, 0.000458
Simulacao, 552, 0.010461, 0.000461
Simulacao, 553, 0.010231, 0.000231
Simulacao, 554, 0.010362, 0.000362
Simulacao, 555, 0.010518, 0.000518
Simulacao, 556, 0.010464, 0.000464
Simulacao, 557, 0.010475, 0.000475
Simulacao, 558, 0.010382, 0.000382
Simulacao, 559, 0.010295, 0.000295
Simulacao, 560, 0.010225, 0.000225
Simulacao, 561, 0.010379, 0.000379
Simulacao, 562, 0.010251, 0.000251
Simulacao, 563, 0.010399, 0.000399
Simulacao, 564, 0.010402, 0.000402
Simulacao, 565, 0.010149, 0.000149
Simulacao, 566, 0.010392, 0.000392
Simulacao, 567, 0.010226, 0.000226
Simulacao, 568, 0.010341, 0.000341
Simulacao, 569, 0.010456, 0.000456
Simulacao, 570, 0.010463, 0.000463
Simulacao, 571, 0.010177, 0.000177
Simulacao, 572, 0.010438, 0.000438
Simulacao, 573, 0.010366, 0.000366
Simulacao, 574, 0.010386, 0.000386
Simulacao, 575, 0.010203, 0.000203
Simulacao, 576, 0.010175, 0.000175
Simulacao, 577, 0.010508, 0.000508
Simulacao, 578, 0.010190, 0.000190
Simulacao, 579, 0.010454, 0.000454
Simulacao, 580, 0.010455, 0.000455
Simulacao, 581, 0.010473, 0.000473
Simulacao, 582, 0.010382, 0.000382
Simulacao, 583, 0.010417, 0.000417
Simulacao, 584, 0.010493, 0.000493
Simulacao, 585, 0.010352, 0.000352
Simulacao, 586, 0.010403, 0.000403
Simulacao, 587, 0.010369, 0.000369
Simulacao, 588, 0.010233, 0.000233
Simulacao, 589, 0.010256, 0.000256
Simulacao, 590, 0.010210, 0.000210
Simulacao, 591, 0.010413, 0.000413
Simulacao, 592, 0.010401, 0.000401
Simulacao, 593, 0.010241, 0.000241
Simulacao, 594, 0.010444, 0.000444
Simulacao, 595, 0.010197, 0.000197
Simulacao, 596, 0.010454, 0.000454
Simulacao, 597, 0.010366, 0.000366
Simulacao, 598, 0.010201, 0.000201
Simulacao, 599, 0.010463, 0.000463
Simulacao, 600, 0.010164, 0.000164
Simulacao, 601, 0.010506, 0.000506
Simulacao, 602, 0.010411, 0.000411
Simulacao, 603, 0.010391, 0.000391
Simulacao, 604, 0.010414, 0.000414
Simulacao, 605, 0.010240, 0.000240
Simulacao, 606, 0.010474, 0.000474
Simulacao, 607, 0.010375, 0.000375
Simulacao, 608, 0.010279, 0.000279
Simulacao, 609, 0.010468, 0.000468
Simulacao, 610, 0.010457, 0.000457
Simulacao, 611, 0.010496, 0.000496
Simulacao, 612, 0.010487, 0.000487
Simulacao, 613, 0.010224, 0.000224
Simulacao, 614, 0.010413, 0.000413
Simulacao, 615, 0.010369, 0.000369
Simulacao, 616, 0.010179, 0.000179
Simulacao, 617, 0.010311, 0.000311
Simulacao, 618, 0.010397, 0.000397
Simulacao, 619, 0.010377, 0.000377
Simulacao, 620, 0.010217, 0.000217
Simulacao, 621, 0.010446, 0.000446
Simulacao, 622, 0.010465, 0.000465
Simulacao, 623, 0.010430, 0.000430
Simulacao, 624, 0.010421, 0.000421
Simulacao, 625, 0.010167, 0.000167
Simulacao, 626, 0.010412, 0.000412
Simulacao, 627, 0.010392, 0.000392
Simulacao, 628, 0.010515, 0.000515
Simulacao, 629, 0.010455, 0.000455
Simulacao, 630, 0.010465, 0.000465
Simulacao, 631, 0.010404, 0.000404
Simulacao, 632, 0.010384, 0.000384
Simulacao, 633, 0.010472, 0.000472
Simulacao, 634, 0.010461, 0.000461
Simulacao, 635, 0.010338, 0.000338
Simulacao, 636, 0.010450, 0.000450
Simulacao, 637, 0.010473, 0.000473
Simulacao, 638, 0.010475, 0.000475
Simulacao, 639, 0.010483, 0.000483
Simulacao, 640, 0.010458, 0.000458
Simulacao, 641, 0.010177, 0.000177
Simulacao, 642, 0.010274, 0.000274
Simulacao, 643, 0.010409, 0.000409
Simulacao, 644, 0.010431, 0.000431
Simulacao, 645, 0.010149, 0.000149
Simulacao, 646, 0.010414, 0.000414
Simulacao, 647, 0.010461, 0.000461
Simulacao, 648, 0.010455, 0.000455
Simulacao, 649, 0.010372, 0.000372
Simulacao, 650, 0.010194, 0.000194
Simulacao, 651, 0.010427, 0.000427
Simulacao, 652, 0.010203, 0.000203
Simulacao, 653, 0.010463, 0.000463
Simulacao, 654, 0.010460, 0.000460
Simulacao, 655, 0.010244, 0.000244
Simulacao, 656, 0.010369, 0.000369
Simulacao, 657, 0.010460, 0.000460
Simulacao, 658, 0.010465, 0.000465
Simulacao, 659, 0.010469, 0.000469
Simulacao, 660, 0.010459, 0.000459
Simulacao, 661, 0.010380, 0.000380
Simulacao, 662, 0.010464, 0.000464
Simulacao, 663, 0.010152, 0.000152
Simulacao, 664, 0.010339, 0.000339
Simulacao, 665, 0.010368, 0.000368
Simulacao, 666, 0.010493, 0.000493
Simulacao, 667, 0.010386, 0.000386
Simulacao, 668, 0.010192, 0.000192
Simulacao, 669, 0.010413, 0.000413
Simulacao, 670, 0.010389, 0.000389
Simulacao, 671, 0.010391, 0.000391
Simulacao, 672, 0.010500, 0.000500
Simulacao, 673, 0.010516, 0.000516
Simulacao, 674, 0.010470, 0.000470
Simulacao, 675, 0.010194, 0.000194
Simulacao, 676, 0.010389, 0.000389
Simulacao, 677, 0.010819, 0.000819
Simulacao, 678, 0.010417, 0.000417
Simulacao, 679, 0.010405, 0.000405
Simulacao, 680, 0.010222, 0.000222
Simulacao, 681, 0.010458, 0.000458
Simulacao, 682, 0.010470, 0.000470
Simulacao, 683, 0.010368, 0.000368
Simulacao, 684, 0.010260, 0.000260
Simulacao, 685, 0.010517, 0.000517
Simulacao, 686, 0.010155, 0.000155
Simulacao, 687, 0.010249, 0.000249
Simulacao, 688, 0.010474, 0.000474
Simulacao, 689, 0.010158, 0.000158
Simulacao, 690, 0.010451, 0.000451
Simulacao, 691, 0.010468, 0.000468
Simulacao, 692, 0.010220, 0.000220
Simulacao, 693, 0.010516, 0.000516
Simulacao, 694, 0.010280, 0.000280
Simulacao, 695, 0.010242, 0.000242
Simulacao, 696, 0.010468, 0.000468
Simulacao, 697, 0.010208, 0.000208
Simulacao, 698, 0.010186, 0.000186
Simulacao, 699, 0.010509, 0.000509
Simulacao, 700, 0.010194, 0.000194
Simulacao, 701, 0.010148, 0.000148
Simulacao, 702, 0.010419, 0.000419
Simulacao, 703, 0.010374, 0.000374
Simulacao, 704, 0.010223, 0.000223
Simulacao, 705, 0.010479, 0.000479
Simulacao, 706, 0.010463, 0.000463
Simulacao, 707, 0.010432, 0.000432
Simulacao, 708, 0.010373, 0.000373
Simulacao, 709, 0.010542, 0.000542
Simulacao, 710, 0.010351, 0.000351
Simulacao, 711, 0.010214, 0.000214
Simulacao, 712, 0.010219, 0.000219
Simulacao, 713, 0.010235, 0.000235
Simulacao, 714, 0.010445, 0.000445
Simulacao, 715, 0.010411, 0.000411
Simulacao, 716, 0.010359, 0.000359
Simulacao, 717, 0.010403, 0.000403
Simulacao, 718, 0.010468, 0.000468
Simulacao, 719, 0.010406, 0.000406
Simulacao, 720, 0.010488, 0.000488
Simulacao, 721, 0.010279, 0.000279
Simulacao, 722, 0.010214, 0.000214
Simulacao, 723, 0.010203, 0.000203
Simulacao, 724, 0.010238, 0.000238
Simulacao, 725, 0.010168, 0.000168
Simulacao, 726, 0.010425, 0.000425
Simulacao, 727, 0.010184, 0.000184
Simulacao, 728, 0.010473, 0.000473
Simulacao, 729, 0.010390, 0.000390
Simulacao, 730, 0.010429, 0.000429
Simulacao, 731, 0.010379, 0.000379
Simulacao, 732, 0.010314, 0.000314
Simulacao, 733, 0.010470, 0.000470
Simulacao, 734, 0.010375, 0.000375
Simulacao, 735, 0.010218, 0.000218
Simulacao, 736, 0.010349, 0.000349
Simulacao, 737, 0.010534, 0.000534
Simulacao, 738, 0.010484, 0.000484
Simulacao, 739, 0.010496, 0.000496
Simulacao, 740, 0.010478, 0.000478
Simulacao, 741, 0.010363, 0.000363
Simulacao, 742, 0.010481, 0.000481
Simulacao, 743, 0.010452, 0.000452
Simulacao, 744, 0.010492, 0.000492
Simulacao, 745, 0.010245, 0.000245
Simulacao, 746, 0.010369, 0.000369
Simulacao, 747, 0.010484, 0.000484
Simulacao, 748, 0.010294, 0.000294
Simulacao, 749, 0.010231, 0.000231
Simulacao, 750, 0.010231, 0.000231
Simulacao, 751, 0.010177, 0.000177
Simulacao, 752, 0.010407, 0.000407
Simulacao, 753, 0.010378, 0.000378
Simulacao, 754, 0.010096, 0.000096
Simulacao, 755, 0.010395, 0.000395
Simulacao, 756, 0.010393, 0.000393
Simulacao, 757, 0.010288, 0.000288
Simulacao, 758, 0.010417, 0.000417
Simulacao, 759, 0.010455, 0.000455
Simulacao, 760, 0.010207, 0.000207
Simulacao, 761, 0.010180, 0.000180
Simulacao, 762, 0.010463, 0.000463
Simulacao, 763, 0.010384, 0.000384
Simulacao, 764, 0.010418, 0.000418
Simulacao, 765, 0.010469, 0.000469
Simulacao, 766, 0.010236, 0.000236
Simulacao, 767, 0.010363, 0.000363
Simulacao, 768, 0.010477, 0.000477
Simulacao, 769, 0.010461, 0.000461
Simulacao, 770, 0.010229, 0.000229
Simulacao, 771, 0.010414, 0.000414
Simulacao, 772, 0.010473, 0.000473
Simulacao, 773, 0.010193, 0.000193
Simulacao, 774, 0.010416, 0.000416
Simulacao, 775, 0.010187, 0.000187
Simulacao, 776, 0.010501, 0.000501
Simulacao, 777, 0.010359, 0.000359
Simulacao, 778, 0.010214, 0.000214
Simulacao, 779, 0.010189, 0.000189
Simulacao, 780, 0.010212, 0.000212
Simulacao, 781, 0.010200, 0.000200
Simulacao, 782, 0.010412, 0.000412
Simulacao, 783, 0.010264, 0.000264
Simulacao, 784, 0.010146, 0.000146
Simulacao, 785, 0.010257, 0.000257
Simulacao, 786, 0.010397, 0.000397
Simulacao, 787, 0.010245, 0.000245
Simulacao, 788, 0.010480, 0.000480
Simulacao, 789, 0.010479, 0.000479
Simulacao, 790, 0.010450, 0.000450
Simulacao, 791, 0.010391, 0.000391
Simulacao, 792, 0.010219, 0.000219
Simulacao, 793, 0.010404, 0.000404
Simulacao, 794, 0.010497, 0.000497
Simulacao, 795, 0.010366, 0.000366
Simulacao, 796, 0.010281, 0.000281
Simulacao, 797, 0.010481, 0.000481
Simulacao, 798, 0.010488, 0.000488
Simulacao, 799, 0.010423, 0.000423
Simulacao, 800, 0.010175, 0.000175
Simulacao, 801, 0.010235, 0.000235
Simulacao, 802, 0.010366, 0.000366
Simulacao, 803, 0.010468, 0.000468
Simulacao, 804, 0.010525, 0.000525
Simulacao, 805, 0.010247, 0.000247
Simulacao, 806, 0.010229, 0.000229
Simulacao, 807, 0.010348, 0.000348
Simulacao, 808, 0.010168, 0.000168
Simulacao, 809, 0.010223, 0.000223
Simulacao, 810, 0.010275, 0.000275
Simulacao, 811, 0.010460, 0.000460
Simulacao, 812, 0.010430, 0.000430
Simulacao, 813, 0.010256, 0.000256
Simulacao, 814, 0.010219, 0.000219
Simulacao, 815, 0.010467, 0.000467
Simulacao, 816, 0.010360, 0.000360
Simulacao, 817, 0.010434, 0.000434
Simulacao, 818, 0.010470, 0.000470
Simulacao, 819, 0.010419, 0.000419
Simulacao, 820, 0.010261, 0.000261
Simulacao, 821, 0.010483, 0.000483
Simulacao, 822, 0.010531, 0.000531
Simulacao, 823, 0.010456, 0.000456
Simulacao, 824, 0.010395, 0.000395
Simulacao, 825, 0.010181, 0.000181
Simulacao, 826, 0.010461, 0.000461
Simulacao, 827, 0.010436, 0.000436
Simulacao, 828, 0.010472, 0.000472
Simulacao, 829, 0.010375, 0.000375
Simulacao, 830, 0.010386, 0.000386
Simulacao, 831, 0.010473, 0.000473
Simulacao, 832, 0.010396, 0.000396
Simulacao, 833, 0.010511, 0.000511
Simulacao, 834, 0.010164, 0.000164
Simulacao, 835, 0.010188, 0.000188
Simulacao, 836, 0.010204, 0.000204
Simulacao, 837, 0.010414, 0.000414
Simulacao, 838, 0.010394, 0.000394
Simulacao, 839, 0.010139, 0.000139
Simulacao, 840, 0.010166, 0.000166
Simulacao, 841, 0.010248, 0.000248
Simulacao, 842, 0.010392, 0.000392
Simulacao, 843, 0.010222, 0.000222
Simulacao, 844, 0.010185, 0.000185
Simulacao, 845, 0.010527, 0.000527
Simulacao, 846, 0.010450, 0.000450
Simulacao, 847, 0.010455, 0.000455
Simulacao, 848, 0.010302, 0.000302
Simulacao, 849, 0.010381, 0.000381
Simulacao, 850, 0.010178, 0.000178
Simulacao, 851, 0.010454, 0.000454
Simulacao, 852, 0.010339, 0.000339
Simulacao, 853, 0.010168, 0.000168
Simulacao, 854, 0.010475, 0.000475
Simulacao, 855, 0.010489, 0.000489
Simulacao, 856, 0.010458, 0.000458
Simulacao, 857, 0.010242, 0.000242
Simulacao, 858, 0.010439, 0.000439
Simulacao, 859, 0.010173, 0.000173
Simulacao, 860, 0.010121, 0.000121
Simulacao, 861, 0.010146, 0.000146
Simulacao, 862, 0.010375, 0.000375
Simulacao, 863, 0.010487, 0.000487
Simulacao, 864, 0.010441, 0.000441
Simulacao, 865, 0.010167, 0.000167
Simulacao, 866, 0.010199, 0.000199
Simulacao, 867, 0.010431, 0.000431
Simulacao, 868, 0.010283, 0.000283
Simulacao, 869, 0.010416, 0.000416
Simulacao, 870, 0.010432, 0.000432
Simulacao, 871, 0.010452, 0.000452
Simulacao, 872, 0.010459, 0.000459
Simulacao, 873, 0.010389, 0.000389
Simulacao, 874, 0.010427, 0.000427
Simulacao, 875, 0.010141, 0.000141
Simulacao, 876, 0.010477, 0.000477
Simulacao, 877, 0.010361, 0.000361
Simulacao, 878, 0.010384, 0.000384
Simulacao, 879, 0.010403, 0.000403
Simulacao, 880, 0.010175, 0.000175
Simulacao, 881, 0.010478, 0.000478
Simulacao, 882, 0.010420, 0.000420
Simulacao, 883, 0.010420, 0.000420
Simulacao, 884, 0.010499, 0.000499
Simulacao, 885, 0.010476, 0.000476
Simulacao, 886, 0.010240, 0.000240
Simulacao, 887, 0.010360, 0.000360
Simulacao, 888, 0.010408, 0.000408
Simulacao, 889, 0.010437, 0.000437
Simulacao, 890, 0.010215, 0.000215
Simulacao, 891, 0.010494, 0.000494
Simulacao, 892, 0.010390, 0.000390
Simulacao, 893, 0.010401, 0.000401
Simulacao, 894, 0.010253, 0.000253
Simulacao, 895, 0.010210, 0.000210
Simulacao, 896, 0.010432, 0.000432
Simulacao, 897, 0.010376, 0.000376
Simulacao, 898, 0.010302, 0.000302
Simulacao, 899, 0.010470, 0.000470
Simulacao, 900, 0.010212, 0.000212
Simulacao, 901, 0.010491, 0.000491
Simulacao, 902, 0.010259, 0.000259
Simulacao, 903, 0.010468, 0.000468
Simulacao, 904, 0.010391, 0.000391
Simulacao, 905, 0.010242, 0.000242
Simulacao, 906, 0.010519, 0.000519
Simulacao, 907, 0.010208, 0.000208
Simulacao, 908, 0.010367, 0.000367
Simulacao, 909, 0.010417, 0.000417
Simulacao, 910, 0.010416, 0.000416
Simulacao, 911, 0.010436, 0.000436
Simulacao, 912, 0.010477, 0.000477
Simulacao, 913, 0.010364, 0.000364
Simulacao, 914, 0.010481, 0.000481
Simulacao, 915, 0.010413, 0.000413
Simulacao, 916, 0.010421, 0.000421
Simulacao, 917, 0.010491, 0.000491
Simulacao, 918, 0.010196, 0.000196
Simulacao, 919, 0.010205, 0.000205
Simulacao, 920, 0.010259, 0.000259
Simulacao, 921, 0.010412, 0.000412
Simulacao, 922, 0.010402, 0.000402
Simulacao, 923, 0.010211, 0.000211
Simulacao, 924, 0.010395, 0.000395
Simulacao, 925, 0.010181, 0.000181
Simulacao, 926, 0.010443, 0.000443
Simulacao, 927, 0.010429, 0.000429
Simulacao, 928, 0.010399, 0.000399
Simulacao, 929, 0.010256, 0.000256
Simulacao, 930, 0.010458, 0.000458
Simulacao, 931, 0.010384, 0.000384
Simulacao, 932, 0.010260, 0.000260
Simulacao, 933, 0.010476, 0.000476
Simulacao, 934, 0.010208, 0.000208
Simulacao, 935, 0.010386, 0.000386
Simulacao, 936, 0.010525, 0.000525
Simulacao, 937, 0.010238, 0.000238
Simulacao, 938, 0.010254, 0.000254
Simulacao, 939, 0.010526, 0.000526
Simulacao, 940, 0.010175, 0.000175
Simulacao, 941, 0.010472, 0.000472
Simulacao, 942, 0.010478, 0.000478
Simulacao, 943, 0.010199, 0.000199
Simulacao, 944, 0.010231, 0.000231
Simulacao, 945, 0.010144, 0.000144
Simulacao, 946, 0.010203, 0.000203
Simulacao, 947, 0.010467, 0.000467
Simulacao, 948, 0.010404, 0.000404
Simulacao, 949, 0.010156, 0.000156
Simulacao, 950, 0.010171, 0.000171
Simulacao, 951, 0.010412, 0.000412
Simulacao, 952, 0.010161, 0.000161
Simulacao, 953, 0.010437, 0.000437
Simulacao, 954, 0.010133, 0.000133
Simulacao, 955, 0.010134, 0.000134
Simulacao, 956, 0.010144, 0.000144
Simulacao, 957, 0.010355, 0.000355
Simulacao, 958, 0.010258, 0.000258
Simulacao, 959, 0.010143, 0.000143
Simulacao, 960, 0.010453, 0.000453
Simulacao, 961, 0.010417, 0.000417
Simulacao, 962, 0.010155, 0.000155
Simulacao, 963, 0.010455, 0.000455
Simulacao, 964, 0.010491, 0.000491
Simulacao, 965, 0.010378, 0.000378
Simulacao, 966, 0.010206, 0.000206
Simulacao, 967, 0.010392, 0.000392
Simulacao, 968, 0.010456, 0.000456
Simulacao, 969, 0.010478, 0.000478
Simulacao, 970, 0.010467, 0.000467
Simulacao, 971, 0.010425, 0.000425
Simulacao, 972, 0.010400, 0.000400
Simulacao, 973, 0.010492, 0.000492
Simulacao, 974, 0.010480, 0.000480
Simulacao, 975, 0.010175, 0.000175
Simulacao, 976, 0.010180, 0.000180
Simulacao, 977, 0.010470, 0.000470
Simulacao, 978, 0.010452, 0.000452
Simulacao, 979, 0.010159, 0.000159
Simulacao, 980, 0.010382, 0.000382
Simulacao, 981, 0.010394, 0.000394
Simulacao, 982, 0.010409, 0.000409
Simulacao, 983, 0.010219, 0.000219
Simulacao, 984, 0.010339, 0.000339
Simulacao, 985, 0.010445, 0.000445
Simulacao, 986, 0.010377, 0.000377
Simulacao, 987, 0.010470, 0.000470
Simulacao, 988, 0.010407, 0.000407
Simulacao, 989, 0.010364, 0.000364
Simulacao, 990, 0.010398, 0.000398
Simulacao, 991, 0.010481, 0.000481
Simulacao, 992, 0.010499, 0.000499
Simulacao, 993, 0.010494, 0.000494
Simulacao, 994, 0.010477, 0.000477
Simulacao, 995, 0.010168, 0.000168
Simulacao, 996, 0.010184, 0.000184
Simulacao, 997, 0.010483, 0.000483
Simulacao, 998, 0.010482, 0.000482
Simulacao, 999, 0.010363, 0.000363
Simulacao, 1000, 0.010201, 0.000201
Simulacao, 1001, 0.010465, 0.000465
Simulacao, 1002, 0.010477, 0.000477
Simulacao, 1003, 0.010256, 0.000256
Simulacao, 1004, 0.010471, 0.000471
Simulacao, 1005, 0.010340, 0.000340
Simulacao, 1006, 0.010199, 0.000199
Simulacao, 1007, 0.010442, 0.000442
Simulacao, 1008, 0.010214, 0.000214
Simulacao, 1009, 0.010335, 0.000335
Simulacao, 1010, 0.010449, 0.000449
Simulacao, 1011, 0.010215, 0.000215
Simulacao, 1012, 0.010211, 0.000211
Simulacao, 1013, 0.010420, 0.000420
Simulacao, 1014, 0.010279, 0.000279
Simulacao, 1015, 0.010205, 0.000205
Simulacao, 1016, 0.010235, 0.000235
Simulacao, 1017, 0.010222, 0.000222
Simulacao, 1018, 0.010215, 0.000215
Simulacao, 1019, 0.010326, 0.000326
Simulacao, 1020, 0.010484, 0.000484
Simulacao, 1021, 0.010420, 0.000420
Simulacao, 1022, 0.010471, 0.000471
Simulacao, 1023, 0.010468, 0.000468
Simulacao, 1024, 0.010431, 0.000431
Simulacao, 1025, 0.010190, 0.000190
Simulacao, 1026, 0.010540, 0.000540
Simulacao, 1027, 0.010530, 0.000530
Simulacao, 1028, 0.010417, 0.000417
Simulacao, 1029, 0.010458, 0.000458
Simulacao, 1030, 0.010365, 0.000365
Simulacao, 1031, 0.010481, 0.000481
Simulacao, 1032, 0.010471, 0.000471
Simulacao, 1033, 0.010158, 0.000158
Simulacao, 1034, 0.010401, 0.000401
Simulacao, 1035, 0.010417, 0.000417
Simulacao, 1036, 0.010431, 0.000431
Simulacao, 1037, 0.010182, 0.000182
Simulacao, 1038, 0.010183, 0.000183
Simulacao, 1039, 0.010531, 0.000531
Simulacao, 1040, 0.010284, 0.000284
Simulacao, 1041, 0.010485, 0.000485
Simulacao, 1042, 0.010477, 0.000477
Simulacao, 1043, 0.010466, 0.000466
Simulacao, 1044, 0.010359, 0.000359
Simulacao, 1045, 0.010387, 0.000387
Simulacao, 1046, 0.010484, 0.000484
Simulacao, 1047, 0.010472, 0.000472
Simulacao, 1048, 0.010484, 0.000484
Simulacao, 1049, 0.010377, 0.000377
Simulacao, 1050, 0.010177, 0.000177
Simulacao, 1051, 0.010469, 0.000469
Simulacao, 1052, 0.010476, 0.000476
Simulacao, 1053, 0.010454, 0.000454
Simulacao, 1054, 0.010403, 0.000403
Simulacao, 1055, 0.010506, 0.000506
Simulacao, 1056, 0.010224, 0.000224
Simulacao, 1057, 0.010389, 0.000389
Simulacao, 1058, 0.010436, 0.000436
Simulacao, 1059, 0.010122, 0.000122
Simulacao, 1060, 0.010318, 0.000318
Simulacao, 1061, 0.010414, 0.000414
Simulacao, 1062, 0.010275, 0.000275
Simulacao, 1063, 0.010427, 0.000427
Simulacao, 1064, 0.010346, 0.000346
Simulacao, 1065, 0.010399, 0.000399
Simulacao, 1066, 0.010487, 0.000487
Simulacao, 1067, 0.010403, 0.000403
Simulacao, 1068, 0.010232, 0.000232
Simulacao, 1069, 0.010480, 0.000480
Simulacao, 1070, 0.010482, 0.000482
Simulacao, 1071, 0.010468, 0.000468
Simulacao, 1072, 0.010492, 0.000492
Simulacao, 1073, 0.010414, 0.000414
Simulacao, 1074, 0.010195, 0.000195
Simulacao, 1075, 0.010175, 0.000175
Simulacao, 1076, 0.010528, 0.000528
Simulacao, 1077, 0.010237, 0.000237
Simulacao, 1078, 0.010417, 0.000417
Simulacao, 1079, 0.010443, 0.000443
Simulacao, 1080, 0.010359, 0.000359
Simulacao, 1081, 0.010458, 0.000458
Simulacao, 1082, 0.010479, 0.000479
Simulacao, 1083, 0.010446, 0.000446
Simulacao, 1084, 0.010359, 0.000359
Simulacao, 1085, 0.010269, 0.000269
Simulacao, 1086, 0.010393, 0.000393
Simulacao, 1087, 0.010399, 0.000399
Simulacao, 1088, 0.010402, 0.000402
Simulacao, 1089, 0.010206, 0.000206
Simulacao, 1090, 0.010446, 0.000446
Simulacao, 1091, 0.010482, 0.000482
Simulacao, 1092, 0.010471, 0.000471
Simulacao, 1093, 0.010475, 0.000475
Simulacao, 1094, 0.010395, 0.000395
Simulacao, 1095, 0.010245, 0.000245
Simulacao, 1096, 0.010129, 0.000129
Simulacao, 1097, 0.010147, 0.000147
Simulacao, 1098, 0.010386, 0.000386
Simulacao, 1099, 0.010209, 0.000209
Simulacao, 1100, 0.010466, 0.000466
Simulacao, 1101, 0.010159, 0.000159
Simulacao, 1102, 0.010338, 0.000338
Simulacao, 1103, 0.010468, 0.000468
Simulacao, 1104, 0.010284, 0.000284
Simulacao, 1105, 0.010448, 0.000448
Simulacao, 1106, 0.010473, 0.000473
Simulacao, 1107, 0.010205, 0.000205
Simulacao, 1108, 0.010414, 0.000414
Simulacao, 1109, 0.010415, 0.000415
Simulacao, 1110, 0.010227, 0.000227
Simulacao, 1111, 0.010363, 0.000363
Simulacao, 1112, 0.010474, 0.000474
Simulacao, 1113, 0.010437, 0.000437
Simulacao, 1114, 0.010203, 0.000203
Simulacao, 1115, 0.010234, 0.000234
Simulacao, 1116, 0.010411, 0.000411
Simulacao, 1117, 0.010447, 0.000447
Simulacao, 1118, 0.010143, 0.000143
Simulacao, 1119, 0.010252, 0.000252
Simulacao, 1120, 0.010391, 0.000391
Simulacao, 1121, 0.010412, 0.000412
Simulacao, 1122, 0.010116, 0.000116
Simulacao, 1123, 0.010351, 0.000351
Simulacao, 1124, 0.010161, 0.000161
Simulacao, 1125, 0.010424, 0.000424
Simulacao, 1126, 0.010309, 0.000309
Simulacao, 1127, 0.010534, 0.000534
Simulacao, 1128, 0.010221, 0.000221
Simulacao, 1129, 0.010391, 0.000391
Simulacao, 1130, 0.010460, 0.000460
Simulacao, 1131, 0.010441, 0.000441
Simulacao, 1132, 0.010474, 0.000474
Simulacao, 1133, 0.010362, 0.000362
Simulacao, 1134, 0.010219, 0.000219
Simulacao, 1135, 0.010549, 0.000549
Simulacao, 1136, 0.010471, 0.000471
Simulacao, 1137, 0.010396, 0.000396
Simulacao, 1138, 0.010404, 0.000404
Simulacao, 1139, 0.010539, 0.000539
Simulacao, 1140, 0.010364, 0.000364
Simulacao, 1141, 0.010446, 0.000446
Simulacao, 1142, 0.010214, 0.000214
Simulacao, 1143, 0.010172, 0.000172
Simulacao, 1144, 0.010391, 0.000391
Simulacao, 1145, 0.010415, 0.000415
Simulacao, 1146, 0.010556, 0.000556
Simulacao, 1147, 0.010192, 0.000192
Simulacao, 1148, 0.010332, 0.000332
Simulacao, 1149, 0.010177, 0.000177
Simulacao, 1150, 0.010497, 0.000497
Simulacao, 1151, 0.010260, 0.000260
Simulacao, 1152, 0.010398, 0.000398
Simulacao, 1153, 0.010476, 0.000476
Simulacao, 1154, 0.010148, 0.000148
Simulacao, 1155, 0.010333, 0.000333
Simulacao, 1156, 0.010335, 0.000335
Simulacao, 1157, 0.010492, 0.000492
Simulacao, 1158, 0.010164, 0.000164
Simulacao, 1159, 0.010407, 0.000407
Simulacao, 1160, 0.010473, 0.000473
Simulacao, 1161, 0.010279, 0.000279
Simulacao, 1162, 0.010375, 0.000375
Simulacao, 1163, 0.010462, 0.000462
Simulacao, 1164, 0.010423, 0.000423
Simulacao, 1165, 0.010483, 0.000483
Simulacao, 1166, 0.010382, 0.000382
Simulacao, 1167, 0.010372, 0.000372
Simulacao, 1168, 0.010481, 0.000481
Simulacao, 1169, 0.010251, 0.000251
Simulacao, 1170, 0.010213, 0.000213
Simulacao, 1171, 0.010369, 0.000369
Simulacao, 1172, 0.010344, 0.000344
Simulacao, 1173, 0.010316, 0.000316
Simulacao, 1174, 0.010199, 0.000199
Simulacao, 1175, 0.010408, 0.000408
Simulacao, 1176, 0.010212, 0.000212
Simulacao, 1177, 0.010123, 0.000123
Simulacao, 1178, 0.010098, 0.000098
Simulacao, 1179, 0.010098, 0.000098
Simulacao, 1180, 0.010100, 0.000100
Simulacao, 1181, 0.010107, 0.000107
Simulacao, 1182, 0.010136, 0.000136
Simulacao, 1183, 0.010110, 0.000110
Simulacao, 1184, 0.010144, 0.000144
Simulacao, 1185, 0.010120, 0.000120
Simulacao, 1186, 0.010118, 0.000118
Simulacao, 1187, 0.010121, 0.000121
Simulacao, 1188, 0.010116, 0.000116
Simulacao, 1189, 0.010117, 0.000117
Simulacao, 1190, 0.010148, 0.000148
Simulacao, 1191, 0.010117, 0.000117
Simulacao, 1192, 0.010100, 0.000100
Simulacao, 1193, 0.010150, 0.000150
Simulacao, 1194, 0.010143, 0.000143
Simulacao, 1195, 0.010134, 0.000134
Simulacao, 1196, 0.010188, 0.000188
Simulacao, 1197, 0.010213, 0.000213
Simulacao, 1198, 0.010159, 0.000159
Simulacao, 1199, 0.010202, 0.000202
Simulacao, 1200, 0.010317, 0.000317
Simulacao, 1201, 0.010318, 0.000318
Simulacao, 1202, 0.010270, 0.000270
Simulacao, 1203, 0.010270, 0.000270
Simulacao, 1204, 0.010439, 0.000439
Simulacao, 1205, 0.010407, 0.000407
Simulacao, 1206, 0.010474, 0.000474
Simulacao, 1207, 0.010474, 0.000474
Simulacao, 1208, 0.010226, 0.000226
Simulacao, 1209, 0.010468, 0.000468
Simulacao, 1210, 0.010475, 0.000475
Simulacao, 1211, 0.010540, 0.000540
Simulacao, 1212, 0.010217, 0.000217
Simulacao, 1213, 0.010386, 0.000386
Simulacao, 1214, 0.010421, 0.000421
Simulacao, 1215, 0.010449, 0.000449
Simulacao, 1216, 0.010419, 0.000419
Simulacao, 1217, 0.010216, 0.000216
Simulacao, 1218, 0.010474, 0.000474
Simulacao, 1219, 0.010484, 0.000484
Simulacao, 1220, 0.010479, 0.000479
Simulacao, 1221, 0.010481, 0.000481
Simulacao, 1222, 0.010489, 0.000489
Simulacao, 1223, 0.010436, 0.000436
Simulacao, 1224, 0.010191, 0.000191
Simulacao, 1225, 0.010470, 0.000470
Simulacao, 1226, 0.010447, 0.000447
Simulacao, 1227, 0.010472, 0.000472
Simulacao, 1228, 0.010349, 0.000349
Simulacao, 1229, 0.010409, 0.000409
Simulacao, 1230, 0.010485, 0.000485
Simulacao, 1231, 0.010202, 0.000202
Simulacao, 1232, 0.010492, 0.000492
Simulacao, 1233, 0.010471, 0.000471
Simulacao, 1234, 0.010400, 0.000400
Simulacao, 1235, 0.010462, 0.000462
Simulacao, 1236, 0.010402, 0.000402
Simulacao, 1237, 0.010249, 0.000249
Simulacao, 1238, 0.010292, 0.000292
Simulacao, 1239, 0.010567, 0.000567
Simulacao, 1240, 0.010204, 0.000204
Simulacao, 1241, 0.010247, 0.000247
Simulacao, 1242, 0.010519, 0.000519
Simulacao, 1243, 0.010461, 0.000461
Simulacao, 1244, 0.010224, 0.000224
Simulacao, 1245, 0.010443, 0.000443
Simulacao, 1246, 0.010472, 0.000472
Simulacao, 1247, 0.010490, 0.000490
Simulacao, 1248, 0.010211, 0.000211
Simulacao, 1249, 0.010187, 0.000187
Simulacao, 1250, 0.010499, 0.000499
Simulacao, 1251, 0.010485, 0.000485
Simulacao, 1252, 0.010192, 0.000192
Simulacao, 1253, 0.010161, 0.000161
Simulacao, 1254, 0.010400, 0.000400
Simulacao, 1255, 0.010414, 0.000414
Simulacao, 1256, 0.010343, 0.000343
Simulacao, 1257, 0.010438, 0.000438
Simulacao, 1258, 0.010534, 0.000534
Simulacao, 1259, 0.010242, 0.000242
Simulacao, 1260, 0.010302, 0.000302
Simulacao, 1261, 0.010389, 0.000389
Simulacao, 1262, 0.010406, 0.000406
Simulacao, 1263, 0.010525, 0.000525
Simulacao, 1264, 0.010219, 0.000219
Simulacao, 1265, 0.010161, 0.000161
Simulacao, 1266, 0.010226, 0.000226
Simulacao, 1267, 0.010405, 0.000405
Simulacao, 1268, 0.010359, 0.000359
Simulacao, 1269, 0.010242, 0.000242
Simulacao, 1270, 0.010384, 0.000384
Simulacao, 1271, 0.010387, 0.000387
Simulacao, 1272, 0.010466, 0.000466
Simulacao, 1273, 0.010345, 0.000345
Simulacao, 1274, 0.010373, 0.000373
Simulacao, 1275, 0.010399, 0.000399
Simulacao, 1276, 0.010425, 0.000425
Simulacao, 1277, 0.010104, 0.000104
Simulacao, 1278, 0.010472, 0.000472
Simulacao, 1279, 0.010381, 0.000381
Simulacao, 1280, 0.010256, 0.000256
Simulacao, 1281, 0.010469, 0.000469
Simulacao, 1282, 0.010511, 0.000511
Simulacao, 1283, 0.010158, 0.000158
Simulacao, 1284, 0.010467, 0.000467
Simulacao, 1285, 0.010374, 0.000374
Simulacao, 1286, 0.010214, 0.000214
Simulacao, 1287, 0.010381, 0.000381
Simulacao, 1288, 0.010477, 0.000477
Simulacao, 1289, 0.010539, 0.000539
Simulacao, 1290, 0.010475, 0.000475
Simulacao, 1291, 0.010460, 0.000460
Simulacao, 1292, 0.010244, 0.000244
Simulacao, 1293, 0.010278, 0.000278
Simulacao, 1294, 0.010413, 0.000413
Simulacao, 1295, 0.010203, 0.000203
Simulacao, 1296, 0.010449, 0.000449
Simulacao, 1297, 0.010477, 0.000477
Simulacao, 1298, 0.010214, 0.000214
Simulacao, 1299, 0.010280, 0.000280
Simulacao, 1300, 0.010442, 0.000442
Simulacao, 1301, 0.010409, 0.000409
Simulacao, 1302, 0.010219, 0.000219
Simulacao, 1303, 0.010473, 0.000473
Simulacao, 1304, 0.010452, 0.000452
Simulacao, 1305, 0.010475, 0.000475
Simulacao, 1306, 0.010212, 0.000212
Simulacao, 1307, 0.010453, 0.000453
Simulacao, 1308, 0.010477, 0.000477
Simulacao, 1309, 0.010245, 0.000245
Simulacao, 1310, 0.010324, 0.000324
Simulacao, 1311, 0.010491, 0.000491
Simulacao, 1312, 0.010488, 0.000488
Simulacao, 1313, 0.010397, 0.000397
Simulacao, 1314, 0.010417, 0.000417
Simulacao, 1315, 0.010484, 0.000484
Simulacao, 1316, 0.010469, 0.000469
Simulacao, 1317, 0.010520, 0.000520
Simulacao, 1318, 0.010181, 0.000181
Simulacao, 1319, 0.010270, 0.000270
Simulacao, 1320, 0.010408, 0.000408
Simulacao, 1321, 0.010426, 0.000426
Simulacao, 1322, 0.010383, 0.000383
Simulacao, 1323, 0.010296, 0.000296
Simulacao, 1324, 0.010187, 0.000187
Simulacao, 1325, 0.010227, 0.000227
Simulacao, 1326, 0.010350, 0.000350
Simulacao, 1327, 0.010446, 0.000446
Simulacao, 1328, 0.010164, 0.000164
Simulacao, 1329, 0.010386, 0.000386
Simulacao, 1330, 0.010391, 0.000391
Simulacao, 1331, 0.010463, 0.000463
Simulacao, 1332, 0.010480, 0.000480
Simulacao, 1333, 0.010212, 0.000212
Simulacao, 1334, 0.010398, 0.000398
Simulacao, 1335, 0.010483, 0.000483
Simulacao, 1336, 0.010477, 0.000477
Simulacao, 1337, 0.010383, 0.000383
Simulacao, 1338, 0.010464, 0.000464
Simulacao, 1339, 0.010519, 0.000519
Simulacao, 1340, 0.010213, 0.000213
Simulacao, 1341, 0.010350, 0.000350
Simulacao, 1342, 0.010485, 0.000485
Simulacao, 1343, 0.010468, 0.000468
Simulacao, 1344, 0.010347, 0.000347
Simulacao, 1345, 0.010398, 0.000398
Simulacao, 1346, 0.010388, 0.000388
Simulacao, 1347, 0.010452, 0.000452
Simulacao, 1348, 0.010178, 0.000178
Simulacao, 1349, 0.010222, 0.000222
Simulacao, 1350, 0.010150, 0.000150
Simulacao, 1351, 0.010256, 0.000256
Simulacao, 1352, 0.010310, 0.000310
Simulacao, 1353, 0.010294, 0.000294
Simulacao, 1354, 0.010245, 0.000245
Simulacao, 1355, 0.010358, 0.000358
Simulacao, 1356, 0.010402, 0.000402
Simulacao, 1357, 0.010481, 0.000481
Simulacao, 1358, 0.010398, 0.000398
Simulacao, 1359, 0.010363, 0.000363
Simulacao, 1360, 0.010390, 0.000390
Simulacao, 1361, 0.010208, 0.000208
Simulacao, 1362, 0.010483, 0.000483
Simulacao, 1363, 0.010480, 0.000480
Simulacao, 1364, 0.010376, 0.000376
Simulacao, 1365, 0.010354, 0.000354
Simulacao, 1366, 0.010492, 0.000492
Simulacao, 1367, 0.010480, 0.000480
Simulacao, 1368, 0.010516, 0.000516
Simulacao, 1369, 0.010481, 0.000481
Simulacao, 1370, 0.010203, 0.000203
Simulacao, 1371, 0.010497, 0.000497
Simulacao, 1372, 0.010237, 0.000237
Simulacao, 1373, 0.010242, 0.000242
Simulacao, 1374, 0.010182, 0.000182
Simulacao, 1375, 0.010370, 0.000370
Simulacao, 1376, 0.010398, 0.000398
Simulacao, 1377, 0.010111, 0.000111
Simulacao, 1378, 0.010188, 0.000188
Simulacao, 1379, 0.010350, 0.000350
Simulacao, 1380, 0.010381, 0.000381
Simulacao, 1381, 0.010417, 0.000417
Simulacao, 1382, 0.010378, 0.000378
Simulacao, 1383, 0.010400, 0.000400
Simulacao, 1384, 0.010455, 0.000455
Simulacao, 1385, 0.010479, 0.000479
Simulacao, 1386, 0.010473, 0.000473
Simulacao, 1387, 0.010402, 0.000402
Simulacao, 1388, 0.010251, 0.000251
Simulacao, 1389, 0.010488, 0.000488
Simulacao, 1390, 0.010558, 0.000558
Simulacao, 1391, 0.010420, 0.000420
Simulacao, 1392, 0.010350, 0.000350
Simulacao, 1393, 0.010556, 0.000556
Simulacao, 1394, 0.010423, 0.000423
Simulacao, 1395, 0.010389, 0.000389
Simulacao, 1396, 0.010512, 0.000512
Simulacao, 1397, 0.010576, 0.000576
Simulacao, 1398, 0.010280, 0.000280
Simulacao, 1399, 0.010189, 0.000189
Simulacao, 1400, 0.010333, 0.000333
Simulacao, 1401, 0.010376, 0.000376
Simulacao, 1402, 0.010361, 0.000361
Simulacao, 1403, 0.010134, 0.000134
Simulacao, 1404, 0.010134, 0.000134
Simulacao, 1405, 0.010374, 0.000374
Simulacao, 1406, 0.010360, 0.000360
Simulacao, 1407, 0.010334, 0.000334
Simulacao, 1408, 0.010413, 0.000413
Simulacao, 1409, 0.010461, 0.000461
Simulacao, 1410, 0.010459, 0.000459
Simulacao, 1411, 0.010394, 0.000394
Simulacao, 1412, 0.010372, 0.000372
Simulacao, 1413, 0.010517, 0.000517
Simulacao, 1414, 0.010484, 0.000484
Simulacao, 1415, 0.010483, 0.000483
Simulacao, 1416, 0.010201, 0.000201
Simulacao, 1417, 0.010421, 0.000421
Simulacao, 1418, 0.010426, 0.000426
Simulacao, 1419, 0.010183, 0.000183
Simulacao, 1420, 0.010403, 0.000403
Simulacao, 1421, 0.010240, 0.000240
Simulacao, 1422, 0.010501, 0.000501
Simulacao, 1423, 0.010479, 0.000479
Simulacao, 1424, 0.010202, 0.000202
Simulacao, 1425, 0.010480, 0.000480
Simulacao, 1426, 0.010226, 0.000226
Simulacao, 1427, 0.010213, 0.000213
Simulacao, 1428, 0.010357, 0.000357
Simulacao, 1429, 0.010463, 0.000463
Simulacao, 1430, 0.010359, 0.000359
Simulacao, 1431, 0.010198, 0.000198
Simulacao, 1432, 0.010361, 0.000361
Simulacao, 1433, 0.010170, 0.000170
Simulacao, 1434, 0.010494, 0.000494
Simulacao, 1435, 0.010264, 0.000264
Simulacao, 1436, 0.010462, 0.000462
Simulacao, 1437, 0.010466, 0.000466
Simulacao, 1438, 0.010482, 0.000482
Simulacao, 1439, 0.010473, 0.000473
Simulacao, 1440, 0.010402, 0.000402
Simulacao, 1441, 0.010468, 0.000468
Simulacao, 1442, 0.010465, 0.000465
Simulacao, 1443, 0.010478, 0.000478
Simulacao, 1444, 0.010360, 0.000360
Simulacao, 1445, 0.010246, 0.000246
Simulacao, 1446, 0.010264, 0.000264
Simulacao, 1447, 0.010472, 0.000472
Simulacao, 1448, 0.010213, 0.000213
Simulacao, 1449, 0.010363, 0.000363
Simulacao, 1450, 0.010441, 0.000441
Simulacao, 1451, 0.010238, 0.000238
Simulacao, 1452, 0.010390, 0.000390
Simulacao, 1453, 0.010176, 0.000176
Simulacao, 1454, 0.010279, 0.000279
Simulacao, 1455, 0.010134, 0.000134
Simulacao, 1456, 0.010363, 0.000363
Simulacao, 1457, 0.010216, 0.000216
Simulacao, 1458, 0.010398, 0.000398
Simulacao, 1459, 0.010205, 0.000205
Simulacao, 1460, 0.010357, 0.000357
Simulacao, 1461, 0.010402, 0.000402
Simulacao, 1462, 0.010463, 0.000463
Simulacao, 1463, 0.010461, 0.000461
Simulacao, 1464, 0.010462, 0.000462
Simulacao, 1465, 0.010459, 0.000459
Simulacao, 1466, 0.010473, 0.000473
Simulacao, 1467, 0.010359, 0.000359
Simulacao, 1468, 0.010391, 0.000391
Simulacao, 1469, 0.010458, 0.000458
Simulacao, 1470, 0.010489, 0.000489
Simulacao, 1471, 0.010226, 0.000226
Simulacao, 1472, 0.010404, 0.000404
Simulacao, 1473, 0.010508, 0.000508
Simulacao, 1474, 0.010422, 0.000422
Simulacao, 1475, 0.010337, 0.000337
Simulacao, 1476, 0.010379, 0.000379
Simulacao, 1477, 0.010538, 0.000538
Simulacao, 1478, 0.010455, 0.000455
Simulacao, 1479, 0.010495, 0.000495
Simulacao, 1480, 0.010223, 0.000223
Simulacao, 1481, 0.010236, 0.000236
Simulacao, 1482, 0.010200, 0.000200
Simulacao, 1483, 0.010402, 0.000402
Simulacao, 1484, 0.010424, 0.000424
Simulacao, 1485, 0.010385, 0.000385
Simulacao, 1486, 0.010469, 0.000469
Simulacao, 1487, 0.010468, 0.000468
Simulacao, 1488, 0.010404, 0.000404
Simulacao, 1489, 0.010292, 0.000292
Simulacao, 1490, 0.010521, 0.000521
Simulacao, 1491, 0.010396, 0.000396
Simulacao, 1492, 0.010258, 0.000258
Simulacao, 1493, 0.010386, 0.000386
Simulacao, 1494, 0.010473, 0.000473
Simulacao, 1495, 0.010473, 0.000473
Simulacao, 1496, 0.010385, 0.000385
Simulacao, 1497, 0.010344, 0.000344
Simulacao, 1498, 0.010237, 0.000237
Simulacao, 1499, 0.010417, 0.000417
Simulacao, 1500, 0.010380, 0.000380
Simulacao, 1501, 0.010287, 0.000287
Simulacao, 1502, 0.010394, 0.000394
Simulacao, 1503, 0.010481, 0.000481
Simulacao, 1504, 0.010482, 0.000482
Simulacao, 1505, 0.010361, 0.000361
Simulacao, 1506, 0.010437, 0.000437
Simulacao, 1507, 0.010268, 0.000268
Simulacao, 1508, 0.010225, 0.000225
Simulacao, 1509, 0.010394, 0.000394
Simulacao, 1510, 0.010555, 0.000555
Simulacao, 1511, 0.010450, 0.000450
Simulacao, 1512, 0.010396, 0.000396
Simulacao, 1513, 0.010383, 0.000383
Simulacao, 1514, 0.010402, 0.000402
Simulacao, 1515, 0.010569, 0.000569
Simulacao, 1516, 0.010553, 0.000553
Simulacao, 1517, 0.010393, 0.000393
Simulacao, 1518, 0.010285, 0.000285
Simulacao, 1519, 0.010509, 0.000509
Simulacao, 1520, 0.010255, 0.000255
Simulacao, 1521, 0.010425, 0.000425
Simulacao, 1522, 0.010247, 0.000247
Simulacao, 1523, 0.010206, 0.000206
Simulacao, 1524, 0.010435, 0.000435
Simulacao, 1525, 0.010368, 0.000368
Simulacao, 1526, 0.010397, 0.000397
Simulacao, 1527, 0.010490, 0.000490
Simulacao, 1528, 0.010393, 0.000393
Simulacao, 1529, 0.010170, 0.000170
Simulacao, 1530, 0.010479, 0.000479
Simulacao, 1531, 0.010471, 0.000471
Simulacao, 1532, 0.010272, 0.000272
Simulacao, 1533, 0.010182, 0.000182
Simulacao, 1534, 0.010379, 0.000379
Simulacao, 1535, 0.010418, 0.000418
Simulacao, 1536, 0.010272, 0.000272
Simulacao, 1537, 0.010445, 0.000445
Simulacao, 1538, 0.010463, 0.000463
Simulacao, 1539, 0.010515, 0.000515
Simulacao, 1540, 0.010395, 0.000395
Simulacao, 1541, 0.010466, 0.000466
Simulacao, 1542, 0.010451, 0.000451
Simulacao, 1543, 0.010487, 0.000487
Simulacao, 1544, 0.010510, 0.000510
Simulacao, 1545, 0.010208, 0.000208
Simulacao, 1546, 0.010118, 0.000118
Simulacao, 1547, 0.010428, 0.000428
Simulacao, 1548, 0.010191, 0.000191
Simulacao, 1549, 0.010441, 0.000441
Simulacao, 1550, 0.010346, 0.000346
Simulacao, 1551, 0.010400, 0.000400
Simulacao, 1552, 0.010234, 0.000234
Simulacao, 1553, 0.010341, 0.000341
Simulacao, 1554, 0.010470, 0.000470
Simulacao, 1555, 0.010481, 0.000481
Simulacao, 1556, 0.010203, 0.000203
Simulacao, 1557, 0.010354, 0.000354
Simulacao, 1558, 0.010398, 0.000398
Simulacao, 1559, 0.010361, 0.000361
Simulacao, 1560, 0.010412, 0.000412
Simulacao, 1561, 0.010399, 0.000399
Simulacao, 1562, 0.010414, 0.000414
Simulacao, 1563, 0.010211, 0.000211
Simulacao, 1564, 0.010439, 0.000439
Simulacao, 1565, 0.010456, 0.000456
Simulacao, 1566, 0.010463, 0.000463
Simulacao, 1567, 0.010391, 0.000391
Simulacao, 1568, 0.010344, 0.000344
Simulacao, 1569, 0.010454, 0.000454
Simulacao, 1570, 0.010286, 0.000286
Simulacao, 1571, 0.010395, 0.000395
Simulacao, 1572, 0.010240, 0.000240
Simulacao, 1573, 0.010191, 0.000191
Simulacao, 1574, 0.010497, 0.000497
Simulacao, 1575, 0.010447, 0.000447
Simulacao, 1576, 0.010280, 0.000280
Simulacao, 1577, 0.010472, 0.000472
Simulacao, 1578, 0.010477, 0.000477
Simulacao, 1579, 0.010474, 0.000474
Simulacao, 1580, 0.010388, 0.000388
Simulacao, 1581, 0.010458, 0.000458
Simulacao, 1582, 0.010476, 0.000476
Simulacao, 1583, 0.010284, 0.000284
Simulacao, 1584, 0.010398, 0.000398
Simulacao, 1585, 0.010276, 0.000276
Simulacao, 1586, 0.010399, 0.000399
Simulacao, 1587, 0.010401, 0.000401
Simulacao, 1588, 0.010419, 0.000419
Simulacao, 1589, 0.010392, 0.000392
Simulacao, 1590, 0.010262, 0.000262
Simulacao, 1591, 0.010459, 0.000459
Simulacao, 1592, 0.010441, 0.000441
Simulacao, 1593, 0.010392, 0.000392
Simulacao, 1594, 0.010243, 0.000243
Simulacao, 1595, 0.010167, 0.000167
Simulacao, 1596, 0.010349, 0.000349
Simulacao, 1597, 0.010216, 0.000216
Simulacao, 1598, 0.010296, 0.000296
Simulacao, 1599, 0.010352, 0.000352
Simulacao, 1600, 0.010463, 0.000463
Simulacao, 1601, 0.010192, 0.000192
Simulacao, 1602, 0.010353, 0.000353
Simulacao, 1603, 0.010462, 0.000462
Simulacao, 1604, 0.010415, 0.000415
Simulacao, 1605, 0.010241, 0.000241
Simulacao, 1606, 0.010362, 0.000362
Simulacao, 1607, 0.010183, 0.000183
Simulacao, 1608, 0.010467, 0.000467
Simulacao, 1609, 0.010166, 0.000166
Simulacao, 1610, 0.010432, 0.000432
Simulacao, 1611, 0.010482, 0.000482
Simulacao, 1612, 0.010388, 0.000388
Simulacao, 1613, 0.010228, 0.000228
Simulacao, 1614, 0.010383, 0.000383
Simulacao, 1615, 0.010159, 0.000159
Simulacao, 1616, 0.010156, 0.000156
Simulacao, 1617, 0.010389, 0.000389
Simulacao, 1618, 0.010401, 0.000401
Simulacao, 1619, 0.010210, 0.000210
Simulacao, 1620, 0.010439, 0.000439
Simulacao, 1621, 0.010479, 0.000479
Simulacao, 1622, 0.010471, 0.000471
Simulacao, 1623, 0.010234, 0.000234
Simulacao, 1624, 0.010353, 0.000353
Simulacao, 1625, 0.010439, 0.000439
Simulacao, 1626, 0.010228, 0.000228
Simulacao, 1627, 0.010355, 0.000355
Simulacao, 1628, 0.010462, 0.000462
Simulacao, 1629, 0.010467, 0.000467
Simulacao, 1630, 0.010477, 0.000477
Simulacao, 1631, 0.010489, 0.000489
Simulacao, 1632, 0.010361, 0.000361
Simulacao, 1633, 0.010472, 0.000472
Simulacao, 1634, 0.010476, 0.000476
Simulacao, 1635, 0.010477, 0.000477
Simulacao, 1636, 0.010488, 0.000488
Simulacao, 1637, 0.010252, 0.000252
Simulacao, 1638, 0.010521, 0.000521
Simulacao, 1639, 0.010554, 0.000554
Simulacao, 1640, 0.010229, 0.000229
Simulacao, 1641, 0.010410, 0.000410
Simulacao, 1642, 0.010401, 0.000401
Simulacao, 1643, 0.010449, 0.000449
Simulacao, 1644, 0.010182, 0.000182
Simulacao, 1645, 0.010315, 0.000315
Simulacao, 1646, 0.010368, 0.000368
Simulacao, 1647, 0.010149, 0.000149
Simulacao, 1648, 0.010179, 0.000179
Simulacao, 1649, 0.010368, 0.000368
Simulacao, 1650, 0.010497, 0.000497
Simulacao, 1651, 0.010372, 0.000372
Simulacao, 1652, 0.010452, 0.000452
Simulacao, 1653, 0.010485, 0.000485
Simulacao, 1654, 0.010411, 0.000411
Simulacao, 1655, 0.010170, 0.000170
Simulacao, 1656, 0.010469, 0.000469
Simulacao, 1657, 0.010242, 0.000242
Simulacao, 1658, 0.010382, 0.000382
Simulacao, 1659, 0.010487, 0.000487
Simulacao, 1660, 0.010231, 0.000231
Simulacao, 1661, 0.010268, 0.000268
Simulacao, 1662, 0.010473, 0.000473
Simulacao, 1663, 0.010473, 0.000473
Simulacao, 1664, 0.010528, 0.000528
Simulacao, 1665, 0.010414, 0.000414
Simulacao, 1666, 0.010494, 0.000494
Simulacao, 1667, 0.010265, 0.000265
Simulacao, 1668, 0.010243, 0.000243
Simulacao, 1669, 0.010213, 0.000213
Simulacao, 1670, 0.010161, 0.000161
Simulacao, 1671, 0.010365, 0.000365
Simulacao, 1672, 0.010380, 0.000380
Simulacao, 1673, 0.010864, 0.000864
Simulacao, 1674, 0.010169, 0.000169
Simulacao, 1675, 0.010379, 0.000379
Simulacao, 1676, 0.010245, 0.000245
Simulacao, 1677, 0.010298, 0.000298
Simulacao, 1678, 0.010391, 0.000391
Simulacao, 1679, 0.010405, 0.000405
Simulacao, 1680, 0.010398, 0.000398
Simulacao, 1681, 0.010399, 0.000399
Simulacao, 1682, 0.010177, 0.000177
Simulacao, 1683, 0.010255, 0.000255
Simulacao, 1684, 0.010173, 0.000173
Simulacao, 1685, 0.010291, 0.000291
Simulacao, 1686, 0.010486, 0.000486
Simulacao, 1687, 0.010473, 0.000473
Simulacao, 1688, 0.010482, 0.000482
Simulacao, 1689, 0.010452, 0.000452
Simulacao, 1690, 0.010467, 0.000467
Simulacao, 1691, 0.010357, 0.000357
Simulacao, 1692, 0.010429, 0.000429
Simulacao, 1693, 0.010493, 0.000493
Simulacao, 1694, 0.010234, 0.000234
Simulacao, 1695, 0.010230, 0.000230
Simulacao, 1696, 0.010188, 0.000188
Simulacao, 1697, 0.010212, 0.000212
Simulacao, 1698, 0.010181, 0.000181
Simulacao, 1699, 0.010406, 0.000406
Simulacao, 1700, 0.010249, 0.000249
Simulacao, 1701, 0.010112, 0.000112
Simulacao, 1702, 0.010379, 0.000379
Simulacao, 1703, 0.010256, 0.000256
Simulacao, 1704, 0.010413, 0.000413
Simulacao, 1705, 0.010272, 0.000272
Simulacao, 1706, 0.010385, 0.000385
Simulacao, 1707, 0.010484, 0.000484
Simulacao, 1708, 0.010359, 0.000359
Simulacao, 1709, 0.010371, 0.000371
Simulacao, 1710, 0.010483, 0.000483
Simulacao, 1711, 0.010495, 0.000495
Simulacao, 1712, 0.010370, 0.000370
Simulacao, 1713, 0.010214, 0.000214
Simulacao, 1714, 0.010426, 0.000426
Simulacao, 1715, 0.010407, 0.000407
Simulacao, 1716, 0.010378, 0.000378
Simulacao, 1717, 0.010266, 0.000266
Simulacao, 1718, 0.010371, 0.000371
Simulacao, 1719, 0.010466, 0.000466
Simulacao, 1720, 0.010458, 0.000458
Simulacao, 1721, 0.010228, 0.000228
Simulacao, 1722, 0.010483, 0.000483
Simulacao, 1723, 0.010186, 0.000186
Simulacao, 1724, 0.010248, 0.000248
Simulacao, 1725, 0.010284, 0.000284
Simulacao, 1726, 0.010226, 0.000226
Simulacao, 1727, 0.010348, 0.000348
Simulacao, 1728, 0.010407, 0.000407
Simulacao, 1729, 0.010385, 0.000385
Simulacao, 1730, 0.010184, 0.000184
Simulacao, 1731, 0.010373, 0.000373
Simulacao, 1732, 0.010394, 0.000394
Simulacao, 1733, 0.010200, 0.000200
Simulacao, 1734, 0.010487, 0.000487
Simulacao, 1735, 0.010283, 0.000283
Simulacao, 1736, 0.010339, 0.000339
Simulacao, 1737, 0.010482, 0.000482
Simulacao, 1738, 0.010534, 0.000534
Simulacao, 1739, 0.010207, 0.000207
Simulacao, 1740, 0.010401, 0.000401
Simulacao, 1741, 0.010504, 0.000504
Simulacao, 1742, 0.010215, 0.000215
Simulacao, 1743, 0.010177, 0.000177
Simulacao, 1744, 0.010436, 0.000436
Simulacao, 1745, 0.010456, 0.000456
Simulacao, 1746, 0.010286, 0.000286
Simulacao, 1747, 0.010451, 0.000451
Simulacao, 1748, 0.010175, 0.000175
Simulacao, 1749, 0.010375, 0.000375
Simulacao, 1750, 0.010428, 0.000428
Simulacao, 1751, 0.010282, 0.000282
Simulacao, 1752, 0.010463, 0.000463
Simulacao, 1753, 0.010380, 0.000380
Simulacao, 1754, 0.010355, 0.000355
Simulacao, 1755, 0.010397, 0.000397
Simulacao, 1756, 0.010350, 0.000350
Simulacao, 1757, 0.010357, 0.000357
Simulacao, 1758, 0.010484, 0.000484
Simulacao, 1759, 0.010408, 0.000408
Simulacao, 1760, 0.010173, 0.000173
Simulacao, 1761, 0.010474, 0.000474
Simulacao, 1762, 0.010486, 0.000486
Simulacao, 1763, 0.010188, 0.000188
Simulacao, 1764, 0.010394, 0.000394
Simulacao, 1765, 0.010230, 0.000230
Simulacao, 1766, 0.010280, 0.000280
Simulacao, 1767, 0.010474, 0.000474
Simulacao, 1768, 0.010472, 0.000472
Simulacao, 1769, 0.010358, 0.000358
Simulacao, 1770, 0.010481, 0.000481
Simulacao, 1771, 0.010481, 0.000481
Simulacao, 1772, 0.010501, 0.000501
Simulacao, 1773, 0.010185, 0.000185
Simulacao, 1774, 0.010416, 0.000416
Simulacao, 1775, 0.010226, 0.000226
Simulacao, 1776, 0.010482, 0.000482
Simulacao, 1777, 0.010473, 0.000473
Simulacao, 1778, 0.010243, 0.000243
Simulacao, 1779, 0.010521, 0.000521
Simulacao, 1780, 0.010322, 0.000322
Simulacao, 1781, 0.010168, 0.000168
Simulacao, 1782, 0.010364, 0.000364
Simulacao, 1783, 0.010260, 0.000260
Simulacao, 1784, 0.010504, 0.000504
Simulacao, 1785, 0.010507, 0.000507
Simulacao, 1786, 0.010399, 0.000399
Simulacao, 1787, 0.010203, 0.000203
Simulacao, 1788, 0.010554, 0.000554
Simulacao, 1789, 0.010439, 0.000439
Simulacao, 1790, 0.010171, 0.000171
Simulacao, 1791, 0.010367, 0.000367
Simulacao, 1792, 0.010453, 0.000453
Simulacao, 1793, 0.010462, 0.000462
Simulacao, 1794, 0.010463, 0.000463
Simulacao, 1795, 0.010469, 0.000469
Simulacao, 1796, 0.010358, 0.000358
Simulacao, 1797, 0.010220, 0.000220
Simulacao, 1798, 0.010182, 0.000182
Simulacao, 1799, 0.010265, 0.000265
Simulacao, 1800, 0.010398, 0.000398
Simulacao, 1801, 0.010427, 0.000427
Simulacao, 1802, 0.010185, 0.000185
Simulacao, 1803, 0.010485, 0.000485
Simulacao, 1804, 0.010474, 0.000474
Simulacao, 1805, 0.010406, 0.000406
Simulacao, 1806, 0.010458, 0.000458
Simulacao, 1807, 0.010379, 0.000379
Simulacao, 1808, 0.010170, 0.000170
Simulacao, 1809, 0.010360, 0.000360
Simulacao, 1810, 0.010180, 0.000180
Simulacao, 1811, 0.010264, 0.000264
Simulacao, 1812, 0.010434, 0.000434
Simulacao, 1813, 0.010372, 0.000372
Simulacao, 1814, 0.010359, 0.000359
Simulacao, 1815, 0.010471, 0.000471
Simulacao, 1816, 0.010475, 0.000475
Simulacao, 1817, 0.010470, 0.000470
Simulacao, 1818, 0.010172, 0.000172
Simulacao, 1819, 0.010460, 0.000460
Simulacao, 1820, 0.010403, 0.000403
Simulacao, 1821, 0.010393, 0.000393
Simulacao, 1822, 0.010274, 0.000274
Simulacao, 1823, 0.010184, 0.000184
Simulacao, 1824, 0.010523, 0.000523
Simulacao, 1825, 0.010451, 0.000451
Simulacao, 1826, 0.010339, 0.000339
Simulacao, 1827, 0.010482, 0.000482
Simulacao, 1828, 0.010488, 0.000488
Simulacao, 1829, 0.010432, 0.000432
Simulacao, 1830, 0.010523, 0.000523
Simulacao, 1831, 0.010473, 0.000473
Simulacao, 1832, 0.010264, 0.000264
Simulacao, 1833, 0.010494, 0.000494
Simulacao, 1834, 0.010212, 0.000212
Simulacao, 1835, 0.010190, 0.000190
Simulacao, 1836, 0.010402, 0.000402
Simulacao, 1837, 0.010257, 0.000257
Simulacao, 1838, 0.010303, 0.000303
Simulacao, 1839, 0.010514, 0.000514
Simulacao, 1840, 0.010293, 0.000293
Simulacao, 1841, 0.010371, 0.000371
Simulacao, 1842, 0.010333, 0.000333
Simulacao, 1843, 0.010350, 0.000350
Simulacao, 1844, 0.010417, 0.000417
Simulacao, 1845, 0.010452, 0.000452
Simulacao, 1846, 0.010474, 0.000474
Simulacao, 1847, 0.010425, 0.000425
Simulacao, 1848, 0.010174, 0.000174
Simulacao, 1849, 0.010283, 0.000283
Simulacao, 1850, 0.010238, 0.000238
Simulacao, 1851, 0.010508, 0.000508
Simulacao, 1852, 0.010300, 0.000300
Simulacao, 1853, 0.010324, 0.000324
Simulacao, 1854, 0.010146, 0.000146
Simulacao, 1855, 0.010415, 0.000415
Simulacao, 1856, 0.010298, 0.000298
Simulacao, 1857, 0.010349, 0.000349
Simulacao, 1858, 0.010402, 0.000402
Simulacao, 1859, 0.010243, 0.000243
Simulacao, 1860, 0.010408, 0.000408
Simulacao, 1861, 0.010460, 0.000460
Simulacao, 1862, 0.010532, 0.000532
Simulacao, 1863, 0.010259, 0.000259
Simulacao, 1864, 0.010363, 0.000363
Simulacao, 1865, 0.010379, 0.000379
Simulacao, 1866, 0.010472, 0.000472
Simulacao, 1867, 0.010450, 0.000450
Simulacao, 1868, 0.010434, 0.000434
Simulacao, 1869, 0.010421, 0.000421
Simulacao, 1870, 0.010399, 0.000399
Simulacao, 1871, 0.010557, 0.000557
Simulacao, 1872, 0.010468, 0.000468
Simulacao, 1873, 0.010183, 0.000183
Simulacao, 1874, 0.010260, 0.000260
Simulacao, 1875, 0.010205, 0.000205
Simulacao, 1876, 0.010357, 0.000357
Simulacao, 1877, 0.010208, 0.000208
Simulacao, 1878, 0.010418, 0.000418
Simulacao, 1879, 0.010421, 0.000421
Simulacao, 1880, 0.010322, 0.000322
Simulacao, 1881, 0.010499, 0.000499
Simulacao, 1882, 0.010410, 0.000410
Simulacao, 1883, 0.010208, 0.000208
Simulacao, 1884, 0.010555, 0.000555
Simulacao, 1885, 0.010397, 0.000397
Simulacao, 1886, 0.010176, 0.000176
Simulacao, 1887, 0.010488, 0.000488
Simulacao, 1888, 0.010434, 0.000434
Simulacao, 1889, 0.010186, 0.000186
Simulacao, 1890, 0.010187, 0.000187
Simulacao, 1891, 0.010397, 0.000397
Simulacao, 1892, 0.010398, 0.000398
Simulacao, 1893, 0.010494, 0.000494
Simulacao, 1894, 0.010447, 0.000447
Simulacao, 1895, 0.010442, 0.000442
Simulacao, 1896, 0.010371, 0.000371
Simulacao, 1897, 0.010405, 0.000405
Simulacao, 1898, 0.010182, 0.000182
Simulacao, 1899, 0.010444, 0.000444
Simulacao, 1900, 0.010458, 0.000458
Simulacao, 1901, 0.010354, 0.000354
Simulacao, 1902, 0.010422, 0.000422
Simulacao, 1903, 0.010506, 0.000506
Simulacao, 1904, 0.010340, 0.000340
Simulacao, 1905, 0.010390, 0.000390
Simulacao, 1906, 0.010465, 0.000465
Simulacao, 1907, 0.010380, 0.000380
Simulacao, 1908, 0.010395, 0.000395
Simulacao, 1909, 0.010230, 0.000230
Simulacao, 1910, 0.010386, 0.000386
Simulacao, 1911, 0.010230, 0.000230
Simulacao, 1912, 0.010467, 0.000467
Simulacao, 1913, 0.010386, 0.000386
Simulacao, 1914, 0.010446, 0.000446
Simulacao, 1915, 0.010381, 0.000381
Simulacao, 1916, 0.010229, 0.000229
Simulacao, 1917, 0.010436, 0.000436
Simulacao, 1918, 0.010253, 0.000253
Simulacao, 1919, 0.010416, 0.000416
Simulacao, 1920, 0.010150, 0.000150
Simulacao, 1921, 0.010389, 0.000389
Simulacao, 1922, 0.010401, 0.000401
Simulacao, 1923, 0.010144, 0.000144
Simulacao, 1924, 0.010480, 0.000480
Simulacao, 1925, 0.010417, 0.000417
Simulacao, 1926, 0.010452, 0.000452
Simulacao, 1927, 0.010365, 0.000365
Simulacao, 1928, 0.010435, 0.000435
Simulacao, 1929, 0.010474, 0.000474
Simulacao, 1930, 0.010363, 0.000363
Simulacao, 1931, 0.010391, 0.000391
Simulacao, 1932, 0.010488, 0.000488
Simulacao, 1933, 0.010488, 0.000488
Simulacao, 1934, 0.010398, 0.000398
Simulacao, 1935, 0.010432, 0.000432
Simulacao, 1936, 0.010494, 0.000494
Simulacao, 1937, 0.010231, 0.000231
Simulacao, 1938, 0.010182, 0.000182
Simulacao, 1939, 0.010432, 0.000432
Simulacao, 1940, 0.010292, 0.000292
Simulacao, 1941, 0.010409, 0.000409
Simulacao, 1942, 0.010393, 0.000393
Simulacao, 1943, 0.010402, 0.000402
Simulacao, 1944, 0.010426, 0.000426
Simulacao, 1945, 0.010421, 0.000421
Simulacao, 1946, 0.010447, 0.000447
Simulacao, 1947, 0.010415, 0.000415
Simulacao, 1948, 0.010171, 0.000171
Simulacao, 1949, 0.010204, 0.000204
Simulacao, 1950, 0.010412, 0.000412
Simulacao, 1951, 0.010437, 0.000437
Simulacao, 1952, 0.010396, 0.000396
Simulacao, 1953, 0.010459, 0.000459
Simulacao, 1954, 0.010368, 0.000368
Simulacao, 1955, 0.010181, 0.000181
Simulacao, 1956, 0.010473, 0.000473
Simulacao, 1957, 0.010463, 0.000463
Simulacao, 1958, 0.010389, 0.000389
Simulacao, 1959, 0.010263, 0.000263
Simulacao, 1960, 0.010488, 0.000488
Simulacao, 1961, 0.010392, 0.000392
Simulacao, 1962, 0.010243, 0.000243
Simulacao, 1963, 0.010451, 0.000451
Simulacao, 1964, 0.010363, 0.000363
Simulacao, 1965, 0.010521, 0.000521
Simulacao, 1966, 0.010395, 0.000395
Simulacao, 1967, 0.010237, 0.000237
Simulacao, 1968, 0.010512, 0.000512
Simulacao, 1969, 0.010222, 0.000222
Simulacao, 1970, 0.010273, 0.000273
Simulacao, 1971, 0.010416, 0.000416
Simulacao, 1972, 0.010399, 0.000399
Simulacao, 1973, 0.010175, 0.000175
Simulacao, 1974, 0.010308, 0.000308
Simulacao, 1975, 0.010375, 0.000375
Simulacao, 1976, 0.010376, 0.000376
Simulacao, 1977, 0.010432, 0.000432
Simulacao, 1978, 0.010205, 0.000205
Simulacao, 1979, 0.010228, 0.000228
Simulacao, 1980, 0.010444, 0.000444
Simulacao, 1981, 0.010369, 0.000369
Simulacao, 1982, 0.010352, 0.000352
Simulacao, 1983, 0.010473, 0.000473
Simulacao, 1984, 0.010470, 0.000470
Simulacao, 1985, 0.010203, 0.000203
Simulacao, 1986, 0.010392, 0.000392
Simulacao, 1987, 0.010520, 0.000520
Simulacao, 1988, 0.010429, 0.000429
Simulacao, 1989, 0.010490, 0.000490
Simulacao, 1990, 0.010489, 0.000489
Simulacao, 1991, 0.010329, 0.000329
Simulacao, 1992, 0.010465, 0.000465
Simulacao, 1993, 0.010489, 0.000489
Simulacao, 1994, 0.010447, 0.000447
Simulacao, 1995, 0.010345, 0.000345
Simulacao, 1996, 0.010365, 0.000365
Simulacao, 1997, 0.010417, 0.000417
Simulacao, 1998, 0.010195, 0.000195
Simulacao, 1999, 0.010209, 0.000209
Simulacao, 2000, 0.010363, 0.000363
